8498
1351
3861
2675
9384
9619
4165
8768
6810
9943
8408
6887
9462
9655
4160
198
4798
702
1191
7387
2635
5250
2833
9179
1533
6784
4872
9260
3809
9039
7546
565
9369
1495
7961
3923
4674
4277
2378
1819
7511
5781
1798
3078
2327
1851
9220
4571
1718
8162
5269
6283
4997
5866
2237
8682
4969
5361
1676
2013
3811
4408
2695
902
2000
6559
1637
43
2848
2227
1019
3756
8756
3923
929
9623
1869
5235
6559
4085
3434
1670
6030
7285
3483
2471
7235
4582
6904
6470
1244
7060
5153
6621
4726
3292
855
1944
8576
2627
7326
9718
6763
1660
7495
8939
7514
7407
2547
2939
8833
2820
7578
4844
2494
9846
9010
4956
801
1698
2754
9290
9778
6763
6177
6067
2348
1488
8413
2262
7586
677
9298
5830
565
865
378
1844
6702
3038
6591
8155
9117
1429
3162
6065
3255
9745
5812
8816
9096
8646
402
9445
5830
891
8542
1511
3006
7493
8538
6887
5364
5060
3269
2474
4881
7727
982
5640
3218
2215
5086
6906
1994
8812
8899
4616
7571
8483
1435
5152
5335
5070
6347
9005
3072
1078
7219
6234
1191
9880
2022
3326
959
2368
9823
9935
2595
7944
7040
7006
2449
2511
6888
817
3553
4898
431
4539
7052
6656
1194
5120
5921
8862
9557
4797
294
1913
2176
205
131
9933
3810
6615
5767
2745
1781
245
9175
4378
3216
4609
9362
9987
8623
4343
1389
638
324
6322
8426
2272
6490
5481
1536
1712
8702
4553
4180
7081
5011
2368
3474
8269
6863
5464
1850
2061
6355
2122
516
4773
9409
787
4046
7037
5774
2002
1830
3549
5304
6900
772
6288
9267
5827
1598
6332
3835
7994
8221
449
2322
5582
4689
993
9984
5030
845
5280
5759
1573
6787
6812
1369
2641
1707
686
7136
9454
1628
3859
4566
7964
1057
3219
7554
8582
1486
3689
4705
6828
9342
518
9558
9998
436
770
4448
8001
9509
7547
2751
4667
1352
7515
80
8173
2673
914
3735
6880
2896
5591
4233
2112
5830
529
4377
1771
859
8544
7994
3665
4045
3203
7175
4139
4424
5750
5682
2424
2497
1419
1714
5845
162
6613
687
2917
5163
2339
992
2833
8168
3795
1811
3928
5075
5862
1620
3479
880
3912
82
8648
3954
9056
1708
9356
3557
5109
1587
6648
4033
5773
6486
5151
1279
405
5260
6081
4205
8675
2101
1466
8713
7311
4508
4441
8349
3190
1706
167
365
6602
8728
52
5811
497
236
1525
6240
1816
4219
9928
9009
758
5309
9916
898
6211
5570
3319
5489
6592
5253
4224
80
465
2002
9442
4791
9436
4833
5583
6259
1678
4171
907
4253
5666
5921
5973
9616
9862
9790
3505
1898
7299
8648
3079
92
9607
7544
9500
9822
7391
271
927
1004
6918
2581
2852
6974
3389
7282
9077
7619
7995
3570
3466
722
9033
9698
4236
2337
1497
6984
7834
5058
2051
3057
3175
6981
7190
4036
1485
368
4248
4744
4221
46
273
2551
8894
9818
4021
8645
8376
3320
2666
1016
3653
93
5247
5816
7306
1783
9987
8640
7051
5971
760
1169
1574
8424
9356
7598
2576
2632
3285
2347
6818
8956
698
1286
7153
7825
2168
9060
8491
971
3826
1982
2152
6822
6364
1833
5152
4075
5173
1754
7275
1698
4896
623
6934
14
7522
7712
5295
2786
9722
4527
7029
5450
2154
6174
7514
8926
3309
9205
7269
6916
3403
4413
3321
3255
6311
5853
1658
9607
2371
1333
3844
2732
2257
7907
1829
6073
8587
788
5838
9351
8963
3273
8767
7063
6859
1531
767
5091
8642
3070
3699
3464
1583
5953
737
1316
6422
2065
769
1969
5153
5457
1312
3603
818
7287
6121
5207
3249
7388
2389
3199
1048
2198
6009
8978
8054
285
6916
1725
2922
732
1287
7200
2342
5632
9960
821
8214
2425
6487
9026
6429
221
5136
2274
5966
3566
2506
9213
8765
7779
7890
319
653
4376
8330
8972
4461
3379
729
9350
3854
7265
4687
3446
5140
4948
4689
2248
5071
2205
3964
7380
4589
5871
8305
6288
2184
3175
2052
4164
5112
1922
648
7363
2639
7277
8139
2471
6908
3139
7872
2527
6554
6603
5840
9027
3234
6785
1691
7342
2242
7218
2867
2365
9048
6815
7482
3849
6906
2004
343
4869
8824
3937
6493
5024
961
602
7904
1948
8940
6050
6004
2020
2462
447
2290
1193
6445
6499
5867
1280
701
2136
1235
5280
246
4384
8546
9968
2207
7567
4110
4870
1926
4872
480
7422
2527
2903
1239
8611
7892
1067
1998
944
1513
6582
4411
2551
7305
3600
4105
7130
520
3854
2713
7245
2416
5155
6594
7550
2025
7923
146
9217
3001
5471
8562
8260
6112
507
9044
2407
9353
6840
6401
1991
2737
568
8181
592
2143
7297
9740
4770
1947
898
8231
2572
8045
4314
5939
7388
3253
6130
3613
8923
8889
7867
4225
1903
7900
8594
5055
2013
5482
7866
4523
2973
9804
1275
2410
9852
8308
959
8094
4738
1561
9563
7098
1534
647
6750
7341
2629
4652
9642
6964
9280
7456
9433
1858
2292
5943
1806
1378
7614
1142
9424
5343
5138
6566
887
5966
6377
4179
4877
8165
4380
4430
6688
1450
8684
4755
4278
775
5992
6849
8144
8257
1541
4818
6154
5065
8489
4017
1948
180
8131
540
2638
7061
6541
8738
4902
8862
9401
1925
9045
938
7246
7492
5194
712
2855
5929
8411
5434
6407
3423
4634
1150
8465
6428
2031
4982
4680
9450
5828
9231
1219
3359
6640
2637
355
2220
9358
2860
2438
9199
3157
9384
925
6782
5774
997
3293
3524
7593
4185
6837
2592
964
6588
1550
453
6904
8107
168
5295
8026
3590
3265
3084
6409
387
4873
4778
3611
3636
4965
7451
5516
1839
3665
4056
5207
7395
3530
5148
1650
7427
909
1670
6757
3894
6566
6079
5859
8467
2148
6471
1976
2231
7709
4218
2165
1705
9056
4357
7554
6925
3507
1923
2442
2481
8837
169
3583
6140
8599
6662
2878
6460
1825
3693
2181
762
9707
9064
5363
3764
4623
5308
4425
5876
1183
6748
5510
6114
5896
774
4395
1298
7782
569
6095
8077
9389
6151
5993
9067
9498
493
3275
4575
3454
3566
7943
3861
6989
3416
4355
6458
5029
6001
7119
9161
6279
1
3291
5127
1822
1249
7885
5379
9015
3451
6651
5698
6163
4907
6383
2531
8732
7320
6220
1506
9242
833
6379
9320
7615
1396
5930
7143
383
2928
664
4015
5413
6010
3738
9471
2837
419
7860
8944
7164
573
2897
3316
7888
9518
2013
4030
7540
6078
2026
6204
3297
9674
2053
7786
9527
1832
113
3943
2817
5105
3431
7964
1419
6149
2011
6324
2839
4782
1924
9053
925
1273
6091
893
105
7706
2370
3893
1439
9493
3468
4068
6532
1682
8381
2736
7715
9032
6623
1427
9588
8958
9880
8598
4181
4502
195
2076
848
3792
997
8372
3266
3145
1648
7604
1785
1829
1342
2511
6365
4090
256
5254
529
1399
3786
3250
360
1104
9341
7839
3074
2780
2241
1879
9547
1718
2847
5106
5458
5998
2082
2396
5895
9262
4680
6304
1480
8883
7813
3105
5305
1874
709
3594
1983
6922
8312
4009
4379
4402
1844
3411
769
7815
1597
6601
9329
9471
3137
4698
8699
7359
7183
2222
3711
2039
4458
1833
2860
3279
6755
43
9981
8645
1162
9364
4401
2072
4234
9756
3737
9081
1864
363
5292
1634
1263
8847
5158
7690
2248
4894
6638
4014
7159
9008
8659
2139
2723
1020
1947
2375
8138
9434
849
1229
6560
2060
7494
9763
5452
839
2821
9089
6834
4590
1609
7529
3406
8616
6313
4553
7205
8954
6003
3970
3411
9516
8653
8479
9827
8823
8196
4312
3559
1312
7098
7473
7096
8704
5009
3096
868
430
5837
1086
1117
1203
7035
7890
3512
7653
1898
7577
278
1040
1415
2643
7881
567
337
1004
1368
509
5097
8499
2385
5761
9426
709
1570
8913
4126
9804
2695
1768
7412
8295
5998
4531
2322
5288
7602
1620
6974
6992
7887
73
7070
89
3057
125
7404
6219
9867
2239
6802
7897
4527
2934
7267
6375
4027
5372
8831
5034
2005
9233
6453
2196
9694
5347
7795
1389
2246
696
2572
6821
615
1422
9518
1001
7506
674
3972
6117
6463
2170
2588
1192
3208
8580
8785
2623
9896
1672
6549
8569
2096
1725
598
832
121
3644
6135
6352
7321
6203
3995
7653
7053
9669
8742
3024
343
5843
1204
3711
7533
2129
4075
8933
7735
4055
3655
8624
4307
7849
8734
4832
2349
2059
8992
7731
3806
4171
5137
1123
3251
6756
8057
19
8866
8619
1529
129
3989
3777
684
5811
6385
5931
5237
6314
2418
771
284
4579
2087
8698
3050
8426
1005
2025
6747
7442
8063
9810
3263
5137
9313
9341
1990
3784
2960
8516
2558
2010
1415
6538
3818
7480
7708
9383
3481
5934
417
5746
5814
22
6676
5462
1196
280
8529
101
478
8313
6046
5433
8551
6930
4243
1007
2847
7068
3168
8826
1633
4686
6129
3479
5205
7575
1439
9192
249
5031
2669
8828
8895
1656
6758
5826
8303
2587
4247
4824
1076
6941
611
668
4162
2445
3944
1628
3643
1787
7479
8228
902
4356
496
4008
3717
3208
8891
4054
7645
8253
3419
5468
6910
8296
7944
3922
9082
8324
2479
2022
9857
949
7080
6049
8373
5035
6550
2230
6129
2566
6354
1851
7637
7401
1881
1455
1424
5283
8314
4652
2896
7661
230
8404
8749
1465
7228
1415
594
6191
1946
1437
5184
1755
2166
1327
4588
2693
3507
2810
3565
3369
1639
4036
9771
2070
963
892
212
190
423
2574
8347
7177
3974
1523
2038
4793
4079
8098
6102
3984
8054
1787
1383
9030
2274
1011
8553
8047
2345
53
5169
6411
4876
1116
2045
8475
4502
1308
9616
3652
7318
4166
3153
8139
6068
3223
7592
9082
4887
5756
7366
5221
611
1250
4286
3470
7972
7740
6683
1139
8366
706
1671
4934
4538
325
4320
9685
9805
3441
8996
4107
800
2222
2671
2062
5700
8595
8821
4471
205
8159
5120
6976
7189
2518
1232
2335
2294
1689
2196
2190
186
1574
844
3201
6024
3657
7120
636
4719
4714
901
6556
9596
8748
9066
2328
912
1705
6782
2120
280
2754
6907
2045
8679
1118
2753
57
2432
9473
1747
7743
5273
2294
5343
3730
4434
2324
3318
3670
404
7068
9384
1485
9364
9430
9624
4189
3060
7761
2355
1444
2290
8973
5388
2320
3742
950
6427
1486
2505
1388
6023
7300
3328
3648
414
5605
6250
1211
5365
1313
8560
8047
10
8714
5457
4712
2296
8619
5727
4804
4065
5655
7566
2698
1118
2646
2663
429
3028
3100
3560
9709
1922
7766
135
936
7266
3391
3199
4420
6376
9643
6976
798
9842
8005
4614
1480
4605
5688
6898
3707
3033
672
9914
6252
4228
9733
5186
4661
376
3487
6344
8709
371
2374
4789
7830
301
2677
8389
8043
4586
6006
1209
5754
6374
1229
8816
3070
6429
105
6784
8171
798
7297
4523
3951
8284
2162
2684
3267
2254
2257
5759
786
5734
2851
9702
837
6510
8391
1860
1844
5035
1300
5672
1726
4140
2964
1431
2032
1078
2300
4450
7505
3179
3499
9049
9322
3662
4234
7068
8701
8412
7274
6406
1414
1957
21
2284
9290
538
2630
576
347
8971
9374
7007
5895
1955
4359
2752
2907
5898
6260
9506
1074
1956
9354
5309
9572
8623
6577
795
9019
104
4656
7044
1426
8099
9343
4341
5359
1303
2367
6745
1752
1679
8718
713
7191
3514
2043
2773
3908
1669
8922
9332
1074
5959
7653
2045
6666
1013
2770
2404
7878
5631
7084
6129
3646
1119
3692
9910
4042
9230
1747
1189
702
1872
9687
2826
5689
644
9208
8412
2465
1521
1864
165
847
4440
4979
7699
3469
4878
8259
2663
8998
3719
2725
9045
5655
7545
3346
6343
8709
3484
2565
1655
3831
2303
5591
5473
1521
7277
1765
750
5227
8159
1299
6008
1026
927
8938
4870
7609
8303
5902
3967
1700
7368
3537
8105
3167
1805
5997
7072
7252
9185
8240
8363
9758
4703
1605
5778
5967
9941
496
3331
830
4955
851
6954
2301
454
936
5854
388
4492
3192
2025
906
8315
5277
9778
2197
6212
8431
3303
1478
5738
9845
5688
5239
2064
7541
6948
2052
8354
585
3861
1583
7629
4326
8093
6508
6789
626
7105
7863
84
5033
4774
6057
7030
1954
5774
4121
9892
3160
5097
480
1279
1164
7706
7326
815
3397
5504
1176
3740
9322
6970
9013
9791
1854
3373
2773
6896
3147
7548
7002
8524
3741
4549
7740
2720
3056
3646
618
2630
9016
286
3412
2678
7001
9874
3978
9730
8262
8512
3110
8827
2255
4218
1095
1862
3746
52
1366
7556
8516
264
9526
8378
3497
3143
2145
8867
7411
1730
4268
9331
7790
4471
577
2773
3188
125
2369
7166
6951
6347
4918
9541
5949
6862
3330
7690
494
390
4301
5972
1150
9714
834
8874
5891
6745
9974
4920
2102
1434
9641
1711
362
2113
5104
4217
2122
542
1662
4913
603
7158
9263
1623
7999
319
9355
709
4457
2730
7512
9166
342
8381
1081
3279
2697
6546
3082
1830
2461
9407
4982
458
3339
982
4642
88
6138
5683
1923
1566
538
7948
1642
1236
1480
6928
4793
9466
2633
1501
4221
4582
8096
127
8556
3831
4782
7049
6149
9286
388
9229
3294
4755
2425
1078
758
7738
2455
1490
749
9153
5486
3493
380
8821
1573
8733
4484
409
2202
6130
6023
1170
7444
2971
9080
4037
5965
3301
1149
2940
494
1404
4024
9990
7959
9570
2304
487
5455
831
2182
972
8815
1879
2177
3555
630
4701
2487
2325
4978
4903
4572
4929
752
174
2147
8065
6394
9201
8423
5491
6727
592
3069
1132
7694
317
3737
5926
1634
1817
1168
2063
8533
7278
8254
6120
8654
730
2074
6357
1877
1102
4356
2277
7554
6383
2010
7976
4707
881
1152
5604
8516
3926
8309
8265
2333
1569
2345
7616
195
8402
183
5962
56
6093
973
390
47
6872
7424
1539
2306
6865
5462
1142
2267
403
1053
2637
3098
6096
5340
678
6318
9922
8533
9370
6130
9352
8246
623
9678
9781
5378
2410
3438
6349
2756
59
8542
5650
245
2023
1997
2105
813
6497
2016
9046
9192
4347
9482
375
2598
2387
7151
6797
56
2004
9066
4690
9935
8742
8567
9305
4891
726
6145
6618
8858
2014
8904
3745
5919
7082
4093
42
3387
3738
4951
7744
21
2217
875
2557
7368
59
3519
2466
2869
4384
220
5778
421
7281
4679
7254
7764
8121
3051
3241
138
1877
6918
4763
9046
5571
1918
2758
82
2538
3017
8853
9113
6015
4467
9254
1381
1153
8946
6227
6180
4311
4386
7493
1087
7510
4086
3605
572
8612
8125
8641
3054
9545
6621
9240
6213
7002
661
9015
6767
8533
1954
4431
5726
5091
2093
3165
7510
5236
757
9851
5642
7472
2693
9115
1693
4974
6654
5263
6329
9650
1064
8558
1354
8113
3076
4639
7683
470
151
7522
463
4410
7442
6231
1098
6687
2993
3068
8692
4467
4523
2038
1670
1907
900
4921
3741
3955
7733
521
8960
1039
7884
3730
4389
7718
5141
892
164
2958
3170
3669
6557
8815
7271
166
5688
3164
5506
5516
3465
1425
9616
2867
5578
8004
3267
5272
2653
1927
6467
138
9916
4925
329
6522
7114
4465
9927
6546
664
9342
1596
18
2188
3593
7481
6302
3629
2002
3694
4831
426
5736
3659
7666
3443
9586
7603
8302
3910
8954
5794
4574
4324
1354
3693
4299
7312
3191
8340
2618
8782
1309
7485
5814
8407
402
2368
9951
1040
262
3484
6962
3775
2994
5298
5914
2243
7281
1901
1000
5823
9981
4136
5676
9296
2714
4539
3281
5601
243
6768
9825
1650
1201
1994
4704
3559
6867
4478
5037
3260
2895
2673
88
3316
4753
6976
8478
6487
9610
1562
2581
9534
9770
3708
4987
2854
3746
210
1917
5427
698
936
7496
5612
944
4769
8103
1585
6578
8467
7950
4843
5516
9236
6784
6140
2389
9387
4237
1590
216
6626
6661
9020
1821
523
979
3315
2627
6543
3055
3069
1144
2051
204
3462
5896
6243
5200
9261
7400
8931
2015
1247
7774
8562
9084
7713
4926
4252
7911
2178
2316
1772
9085
3857
2823
3301
1822
7131
1566
5704
1771
407
6899
9573
6674
4438
5451
5342
6807
6196
3162
4262
4707
5459
2756
675
650
3562
1209
7083
2237
413
9792
1859
1782
6452
9287
104
7073
2743
3435
37
1994
2155
9248
9529
2564
9764
2439
87
8738
7599
4742
6645
3204
6914
350
4695
138
355
6046
8878
8560
3816
1651
842
9989
2046
8146
14
5987
7806
6229
2065
2657
5856
3755
6198
3228
4343
9263
8679
122
8738
3440
6519
4382
5949
3882
8238
5066
6510
211
7199
7929
7437
6469
2858
9494
1480
7837
2055
290
9196
292
640
1546
1886
7485
4884
5405
5063
3453
8421
6167
3259
4832
5348
3730
3204
3485
5247
722
4360
1523
7862
1091
4
722
2225
9392
8427
3846
131
3089
7459
1086
7562
6990
6221
699
4686
8305
800
426
2332
7086
4862
6001
8390
1980
219
7181
9839
5702
3528
8224
7707
5717
2230
3230
9583
6552
3851
2081
854
4425
7903
9194
9274
631
4901
7933
184
5296
1335
5178
6989
1947
85
9993
9155
6788
4982
889
778
9151
6465
8376
4597
868
1275
3479
8528
9466
9857
9955
1863
4035
2283
324
6855
9110
2335
9690
2525
2213
5664
3370
233
357
1063
8589
9410
7202
243
99
1460
9066
6772
463
191
844
743
7759
4522
8860
8614
1933
4590
8582
3252
2528
8792
699
224
3519
8338
3506
315
238
689
2467
2765
7848
256
4733
7962
8197
2693
5674
9792
16
8858
1330
9000
3027
5978
1542
7892
2895
4265
8888
6542
4522
8213
1434
1413
7391
8047
8868
9947
1683
2703
8971
220
2564
5504
5053
8239
920
2696
8055
4787
1300
4308
482
2544
5814
7634
401
8290
2005
8825
1016
3242
1830
2885
7897
495
6325
5871
9376
1210
413
5261
9417
9599
3493
2763
759
1470
9120
4325
5834
1077
1774
1271
5070
943
3317
7182
3331
7700
7156
7
6869
9202
640
3525
2756
1518
8533
4283
8577
9965
7026
9217
8356
1598
5669
665
9692
6185
1546
2303
1949
8042
3176
7186
9876
6356
5080
6950
7080
7926
7752
8880
3597
9488
6714
7175
6447
7509
9276
1237
1404
8525
14
2835
6418
5278
93
1636
2763
1217
9292
7076
2648
668
1518
1609
8297
8474
226
1136
3394
8065
9158
3686
2502
72
6483
3832
8263
9866
9778
6794
5259
3959
217
4556
4780
2538
2037
3586
8895
757
3036
5418
6412
9538
3235
1255
3428
6204
8541
1345
5648
42
8245
4772
4584
7222
8721
5357
2497
8364
7227
3730
1702
1468
3594
4693
701
874
9970
8218
1170
9298
9653
1510
8890
5301
9039
495
8063
4898
4932
2135
9445
1386
3393
7971
5004
2573
1784
1022
6754
64
3087
8611
9219
3784
8456
8195
6439
7845
3868
8262
9594
2242
61
2484
7958
6975
1150
869
9153
3583
3883
7161
6471
2457
1712
136
8618
829
4690
7507
7495
4856
330
6261
3225
7314
8234
192
3112
1072
751
242
8333
4200
8608
4571
7577
871
519
7707
578
8816
542
4716
7270
6445
6279
1918
1671
9284
1578
3364
6184
1011
5119
5296
1606
7683
7021
7682
9603
2089
8064
3389
6792
9004
3680
1411
2251
8896
4062
5685
8682
5289
9632
3274
1842
2147
7220
2219
8415
5537
8933
93
364
9624
668
5356
3629
9729
5716
7844
886
9718
7528
6276
2991
2475
7095
4050
7025
1339
2975
9409
1204
7990
3775
5946
4585
8414
7851
3737
1722
858
8366
5518
5352
1856
3380
7106
8265
4740
3113
2496
9697
75
9599
2959
7420
4106
3023
8179
3030
230
7186
61
2803
45
7933
485
2126
9704
227
4653
1387
5734
1063
3191
2550
1694
3937
2238
8639
8761
5893
2549
2096
5958
3469
4055
4726
2607
752
6894
1937
7057
2589
7066
610
6564
4967
2049
2718
6076
6216
9713
9678
9872
4414
5755
6672
1502
1757
7918
7575
5969
320
7411
2991
1915
2605
2895
9254
8677
1920
5160
5961
2289
9352
6423
3143
4647
84
3210
6843
4877
5343
1917
3020
9421
2618
3267
203
3703
2220
7888
7597
5302
7773
47
9519
864
896
4919
9505
6692
3285
8121
3401
7533
6381
9610
1390
5069
839
8405
3841
1830
4178
5287
4762
2521
2223
5962
1714
3553
4984
9677
2613
7684
7530
9137
7678
4101
9281
2734
6453
3011
2271
5563
3097
7232
1317
1902
7720
7820
5454
9481
6361
5485
5255
4871
5185
8213
441
3172
315
4678
5671
3532
9000
4943
1212
5236
1232
4666
7433
3828
9683
442
333
4678
1662
5886
7760
4051
6979
2108
1726
8467
2056
4457
2615
2284
4266
3070
9600
4409
5661
5225
6951
6259
7295
897
5562
763
31
9515
6531
5628
6793
1010
2362
7299
1790
3601
9136
3381
936
6358
5344
3715
201
8504
9031
6306
8910
7339
8840
6597
3491
4486
9143
5693
4961
5806
5217
1089
4466
2894
947
4898
1226
3184
5601
9896
2265
6082
9288
1008
2746
8212
4348
2073
2304
1901
1559
3373
7410
484
735
8526
7313
4581
5160
7921
9158
1922
4390
6223
5472
7422
9327
1114
4435
7421
2411
3580
6864
9096
3569
760
806
8986
1897
6712
8727
7297
7670
7085
526
1186
7431
3624
6723
7693
5562
55
1207
711
2415
8043
68
3008
9059
316
6487
628
1958
2411
5455
4013
8832
259
2126
4756
9040
988
3145
7401
1889
382
8716
7342
8974
1043
1856
8837
731
227
2122
4543
9287
5838
3043
7933
9030
9570
7151
8922
2388
9545
8443
2261
3443
925
8958
5271
6410
120
4233
6069
7471
1683
3829
7754
4982
3488
3389
1400
7009
3140
9848
549
1813
6301
5271
3310
4095
4196
8663
7643
8652
5552
9549
872
1727
5197
4942
9498
2525
2280
9522
8899
3638
8749
7406
1525
8508
9387
8086
8826
6708
6205
9259
5074
4686
3542
8169
312
3384
3307
1876
5802
5281
8406
3037
5252
6745
1002
3412
8393
1027
1966
7084
5411
3888
6505
7920
8658
6645
3495
480
7398
6411
631
9384
912
495
3532
3695
8485
1991
4270
109
4398
237
725
9251
5323
8608
2829
7404
9357
7905
2172
5535
5180
455
4760
771
8381
7144
9059
1190
8995
1440
1419
1722
4529
4175
9654
7119
7439
6518
5475
6382
6422
6605
5302
9083
9382
5075
3421
1338
3464
4274
2212
4031
5072
1535
8800
1057
9130
5649
2883
1374
5559
5849
4595
1928
7150
241
5475
7027
2381
2300
6338
2331
8534
1505
4032
1191
1331
6497
6546
9334
6548
6362
6044
586
5869
2374
9396
5261
1335
4612
4718
2736
176
2429
8896
2584
9219
9413
883
5318
8580
3407
2840
2060
3844
8261
6215
320
9582
6418
9766
5210
892
8295
575
982
5642
5866
6657
5110
3554
9918
1730
291
449
8248
5171
432
4855
3676
4260
1660
6911
8187
902
9371
219
9778
4107
4528
9244
4345
6127
6941
7989
3773
7349
1545
5293
7500
8943
941
7421
1490
7405
5139
9584
3566
6972
224
161
1219
317
1806
1076
8181
1324
9455
1972
4079
6286
2414
4394
6833
2468
2201
5786
4388
9782
4685
1327
5953
97
8335
9930
2680
958
3380
9163
5691
4426
2553
7689
7038
1170
2053
379
9205
9304
9968
7092
4309
1512
5892
5800
9172
2194
2819
1440
6856
1469
585
3079
8639
6068
4260
5607
9194
6237
9968
8054
5125
3134
487
9208
6793
6348
2008
6959
5814
7693
2728
5554
5960
8725
4647
1518
9847
8651
325
8557
7468
5097
5508
5488
7249
5522
2606
9876
1860
8960
4860
730
3875
5270
1246
2931
2951
2789
1825
3014
1293
6506
6476
9323
2419
3192
7216
6891
1617
4523
405
5503
407
9081
6263
783
6668
5371
2510
2928
1077
2255
9637
33
5453
1257
4523
9060
1413
4840
2194
9113
7664
5098
9653
1266
2191
5901
9912
3952
1519
7973
1215
4316
519
934
2972
2333
1598
4639
8949
8620
683
9429
8110
556
2110
9770
1395
4244
7655
3174
2666
3117
1229
3849
4860
9009
6131
6938
2359
9251
4241
3736
2294
3481
9457
5571
9067
3573
1621
2290
2142
5577
4095
118
2945
6350
2055
3286
2637
4346
5049
6956
560
1260
1477
5848
4393
6625
215
6568
4722
2170
9832
4793
2884
6242
1225
5323
2984
7993
1682
1081
6464
550
7076
9674
122
7668
3321
8067
5954
1677
6544
4451
967
5378
4951
6294
7475
4633
5538
9695
6022
462
452
2382
1923
6746
6030
7158
2012
4691
7146
339
3220
593
6056
5325
619
1454
1589
5866
5976
535
2979
8558
604
1824
1383
3094
7490
2767
8319
3093
7512
1943
6390
1536
9735
3903
887
2682
9524
1133
4886
4867
638
3663
7038
8931
1500
4706
2362
2227
9807
1664
3087
9590
1188
8096
4783
7954
7517
5521
7122
9255
9295
29
45
1083
1886
3062
2388
3682
8353
4849
507
499
9420
9708
3920
2536
5914
1718
1561
3718
390
2254
2405
8038
521
1755
5126
831
337
2751
8404
4231
2022
969
6404
2560
9784
6022
6103
3813
5729
657
1123
6859
1654
9577
2950
7277
4780
7923
2159
7930
8681
1483
2678
6262
6947
8731
1120
1018
112
7384
975
9792
6880
1072
6424
6844
5621
3799
8866
4138
3880
7289
5351
1827
3581
4421
5494
7248
9558
6047
318
713
4253
2203
4142
1259
2124
9477
1295
522
706
482
1530
6807
1146
5021
4248
293
7432
9395
946
3132
1120
769
5004
4305
9455
6293
811
1179
5024
9958
2021
1704
4688
4798
8784
208
2707
5586
9056
2372
8452
2320
6347
1868
2636
329
6614
3059
5722
9490
2186
1135
3534
9950
8940
6992
9378
3694
509
9664
4808
816
904
1570
643
5010
2624
2155
2524
1485
7633
3392
5529
7935
9595
2348
6937
1799
5136
6319
7923
2748
7554
5898
6061
9290
1986
839
8686
2655
8545
714
4768
2608
7646
9227
3555
1658
9573
3555
2086
6118
6216
1432
4895
6039
3335
9657
1265
8148
4020
2276
5626
1510
9909
5354
1416
8847
7696
7819
6877
108
6770
2513
2391
7698
1668
7390
3478
6145
5895
8274
3532
5117
5502
5364
2583
4559
6432
3220
2291
2616
667
8610
5660
2874
1688
9300
77
5970
1138
936
7602
9432
2152
2347
4618
8510
8346
7026
165
2954
8513
4816
9544
1401
7693
5085
5406
641
8416
951
1085
1267
1209
9573
699
7616
8759
2175
6926
9149
6109
9750
9755
1541
1239
452
5562
299
113
5666
3065
7464
1159
9094
3346
5180
5416
8744
6025
7872
3940
5406
3716
4087
6056
3210
8657
8498
3801
1368
9072
1397
7916
1001
846
8243
1243
6158
1564
1149
2587
3553
244
4278
8227
8890
8701
580
3884
8288
2340
1835
7229
5465
2340
5577
1585
274
1607
1956
4612
594
6937
9638
7827
9068
850
3344
4493
1751
5049
293
2899
269
551
7210
6461
2164
5462
1785
8734
3915
3633
1779
406
8503
6880
3070
5675
8087
1317
9186
6880
6518
7028
2549
4162
8281
1131
7087
128
8610
8984
1477
9680
8104
5905
6523
7725
1518
4018
270
7109
9616
1662
8947
709
991
3347
5043
2172
2225
943
2289
8645
7676
3622
2715
5657
6757
1066
8939
721
1070
9650
4054
4759
5917
6240
1696
9004
1418
8077
8653
431
412
2338
1027
502
4037
1063
1721
1967
4828
1654
8121
5837
2783
7080
17
5330
869
5872
7579
5649
2556
3871
205
2552
818
2874
6966
9631
2056
9113
2387
3309
6798
5727
462
4493
8932
1580
15
9147
7977
7688
9988
3966
2419
5537
9932
7703
6327
6010
8135
500
6679
1781
3258
2355
6485
6824
4705
6834
2718
7460
4209
1865
1386
4370
5061
5286
1605
3618
1354
9303
5861
1300
7640
9201
4576
5980
777
3262
1554
555
4950
2119
1688
6829
8285
513
6533
6035
2042
186
4559
8448
8004
9263
3949
7731
2933
5061
2622
8127
2770
6762
8150
6124
2815
7294
4657
3169
3691
4000
8763
6590
4355
8018
467
238
8736
7646
6690
2609
2552
4382
4456
9036
2175
3551
3603
9434
8631
6661
9959
2140
1355
127
5541
8269
3696
1886
2702
2406
5420
3414
1198
7049
3585
6375
6083
4852
6431
2029
5390
8344
1799
9239
1155
5641
1810
8137
3257
29
386
5278
6234
7690
8117
3966
2524
5228
7685
8966
3388
2305
5543
967
349
2871
7405
9398
702
5748
480
4523
7635
1970
6249
2465
2496
1847
8203
6851
5758
2534
5641
5684
8698
1211
8581
1581
9069
6964
8627
2419
8804
7565
925
7626
4277
3613
1485
9960
2209
1315
2822
9184
9453
1912
7130
8574
4814
7925
2106
5027
6065
1356
6603
8853
7559
1360
1105
553
1718
7596
9586
5702
8448
658
5118
3096
6524
1301
6251
3285
4815
1569
3775
6032
9581
755
4883
5515
770
8544
8788
6736
4616
600
6380
7027
9346
5653
9647
8880
5260
8171
2844
170
3686
7366
652
8583
4426
4888
265
2486
2914
5982
3713
2133
8864
8008
856
815
434
3375
9121
327
2875
1297
69
8651
773
6606
6541
4386
5511
6665
9894
7836
6062
6787
1199
4034
9114
4715
5159
5798
8306
5656
5843
7747
3631
112
3923
4349
6828
942
4039
7338
3328
1408
1983
8977
8730
5590
1410
853
9310
751
8683
1982
8991
8560
6035
898
1662
3590
7926
8262
1892
6689
1744
185
8460
3203
6638
9428
9299
1996
8387
3588
9487
8589
2880
1152
9207
4519
6705
802
4523
2258
9139
2091
8839
5637
1726
3817
791
1251
3092
8355
3063
6808
285
2717
4501
347
7996
3399
7376
1691
5992
3629
8659
9116
2737
3437
8374
3077
483
5485
2808
2717
4870
4454
8295
4283
3210
7254
9619
7131
6084
4132
1994
3197
8708
4580
8380
8764
1756
7039
7996
4634
4592
750
6404
46
748
9219
4267
7030
9173
7664
1305
584
8696
8798
232
1306
5484
6093
607
9283
7088
4307
126
210
1547
2058
3295
5377
2575
3480
2735
9833
4758
9741
9305
1503
2549
4234
7875
8234
3724
1606
951
1243
8200
8885
471
4056
6379
9493
5
8227
2739
1633
9682
8884
1706
1858
693
4034
9872
5428
578
8523
1579
1362
2199
1631
2998
9335
6513
770
6226
311
6476
4236
9094
4682
8390
5967
2100
5352
6775
6951
3341
7840
1383
4659
7691
504
274
5511
9513
6254
2379
795
6830
647
9259
2727
6166
499
3217
346
3290
2743
8095
1573
4625
191
6319
1016
6136
3071
9219
4290
6734
3150
2268
7971
5302
486
8305
7510
1037
4449
6401
1738
4035
8592
4600
1243
8113
1593
2891
7669
5441
9375
7044
6652
1710
77
3997
950
3128
787
8349
7088
1659
9533
5105
5342
8706
7485
6539
4665
4283
5309
8316
843
7860
477
1673
562
3034
8832
2308
2305
7723
2184
3899
8109
3713
4125
3030
9142
2228
2600
4514
807
8843
7452
8985
3835
2137
4232
517
1305
1683
339
1208
7054
263
4765
4953
9305
5421
8013
8420
1587
3554
1881
9173
427
1531
4472
2433
3968
967
6887
772
3374
8234
3575
5951
3828
2654
2193
9580
3145
8739
5076
2795
5404
1572
4203
1626
1941
7901
5592
5590
3393
1954
685
2719
6096
4188
5602
5861
4343
2475
7991
6749
9647
680
4150
9912
3468
5693
4337
3008
8372
1860
5723
2667
9776
4949
3044
8214
8173
632
3149
2819
4455
6458
6776
7098
1768
5472
5434
4378
809
7172
7302
325
8642
105
3315
2191
2530
3978
4058
7729
2100
1125
3602
3364
6289
3617
8729
6725
1867
7443
4609
974
9276
4522
9845
6982
2706
5615
5921
9229
6139
3853
3860
5944
9069
247
4785
8744
246
1380
7339
5073
6369
9689
2383
6521
9909
9168
212
5730
6583
8613
9021
1105
133
889
8313
6982
7728
1296
9682
7984
9187
4141
9295
7992
6571
692
2941
5712
247
9055
585
8475
7376
3296
8088
6727
3381
3261
3487
9281
7271
6407
555
1671
3695
359
2110
1046
5954
1178
4454
3937
2125
9723
5660
191
945
1928
1740
8330
1162
995
1707
9624
8248
7991
4629
4897
8299
379
7747
2458
4119
9536
5726
226
6093
4424
2670
5832
4516
375
324
6704
433
660
9285
57
4456
5346
3031
4786
7706
6789
121
8463
7352
723
3810
436
1262
7841
8146
9673
5929
8698
8945
49
5085
777
4620
7338
7472
3213
2499
1629
4594
4295
5234
2277
3529
5411
1012
5135
9593
1634
3979
5957
8895
3200
7012
6307
2178
4110
6889
5284
6747
1039
9741
742
655
6571
9638
7041
7496
469
1307
3148
6716
9123
4535
9188
1515
7491
545
6842
8164
784
169
9639
2331
8032
741
1195
7043
9395
4912
211
2002
7377
7224
4860
7185
706
2592
215
2504
7673
2198
3108
3910
927
5265
3067
1465
627
528
2010
9759
7865
2625
9752
1266
9821
9387
2879
2395
7822
9117
3626
4051
3291
1163
6828
1290
452
2627
387
7336
8494
2968
3538
2140
1089
8692
9984
7813
1392
519
7379
6805
1026
161
3107
9004
5154
9697
2094
5309
805
7913
1271
492
806
3678
8476
8434
5915
4853
2105
993
1356
2079
2790
2369
3826
7593
9808
7466
2803
741
9874
5039
6785
4182
308
3012
7063
764
3125
6180
2588
1214
1598
7538
1161
2010
9046
9086
31
8657
3718
9400
6670
4798
7712
8874
8954
6250
5114
4258
8783
5454
8285
7970
36
2059
1898
7677
2257
9570
1527
5941
5791
2125
2393
1102
9273
2979
6877
2569
4107
9389
4593
5413
2983
7056
1477
4790
6354
449
591
8948
785
2350
1582
2423
2961
7121
531
4320
9429
8223
1945
4383
323
6343
6929
4022
7589
6836
8801
8747
1200
1137
9584
4355
9140
7132
4666
1021
1504
6397
6404
6455
6703
3158
603
1303
573
9750
1572
9498
9268
3947
8126
3523
7
4446
2270
8836
9456
3414
2433
8028
1052
5031
2880
165
4893
5657
8043
6240
2717
127
977
1395
8113
5810
3596
8059
3489
751
9720
2844
3358
6317
2308
4235
7642
4058
965
2240
7443
435
6652
1362
696
5400
1379
4794
6436
3921
4238
751
3907
3627
6523
2541
8574
7818
6218
1143
699
742
2389
4771
817
7258
285
7935
9945
7081
2126
7855
3332
2428
3896
8551
7221
2534
8549
6036
7496
24
3290
7082
9047
7627
6285
3907
864
1817
8765
3399
2937
768
3556
1539
8894
2129
9113
6583
921
3068
5891
1775
3665
7356
9548
4402
6095
9312
3337
6927
2703
8268
2650
9393
4946
1588
7297
894
6975
2786
3402
9903
4858
8920
5452
7416
2372
323
3864
8220
8489
1389
654
8704
346
5535
864
2574
8385
3498
4030
4657
3132
1455
4406
6840
4010
2020
9306
285
2578
3598
8014
1818
8402
9255
1334
5288
9704
4667
873
8660
9545
153
5825
8592
8350
9624
5277
8956
9678
2668
4393
3347
159
4126
2514
1894
7021
312
1396
9648
5328
9476
9584
6384
3885
1792
8251
510
5791
7570
29
9802
2132
657
1847
5544
8016
7408
2090
1065
6703
367
6449
4044
522
2094
6650
3108
6508
5988
8131
9625
9329
3536
6963
5850
1681
6367
8736
9819
3064
6557
9714
4086
9889
8478
5724
7819
7212
4561
786
9727
9023
1644
6012
4721
5719
4600
2822
9579
8915
3449
646
1641
671
1240
7494
5770
7767
473
9117
5199
2087
7047
1869
1722
6524
700
7173
3378
250
9105
9943
5232
6260
7512
5464
5825
6464
467
7211
948
7976
4145
2780
189
1889
3171
2077
560
8182
4186
2288
7244
5410
6808
1380
4549
8568
369
9704
9879
2346
1417
1094
5033
3637
491
7127
6415
7144
6409
643
7394
5798
8261
487
550
4738
5035
1789
9630
1795
5238
1082
1791
4801
5956
548
9404
8161
2036
7853
9138
1792
2529
407
1586
1983
148
2661
790
6909
1490
1348
7955
1778
1947
6884
3844
4644
4887
7892
8480
1391
1178
4898
3289
4018
5272
3538
6439
7499
8989
9951
2670
2236
3057
5918
7887
6641
930
1976
1865
5809
9890
4969
6668
6454
5626
7202
9208
1795
8670
3512
379
5957
7206
9704
1432
7719
5115
1928
1890
7153
6023
2583
600
9318
1507
5847
250
6873
9874
6009
567
1425
917
6247
3652
4887
8462
4921
1620
53
4680
6415
220
3943
1113
1407
67
5324
962
1932
4218
7754
3894
583
6613
665
5962
3050
1067
2000
4441
6720
3666
2243
1764
5641
2343
3281
8349
1776
8526
5266
9104
4549
2356
1086
3881
5247
9969
9924
6182
7173
9060
2765
408
5355
4693
349
5169
5020
3277
1402
1908
4323
3173
8735
6434
2712
1175
7897
1919
525
9845
2501
7706
7726
9996
409
8000
1952
8844
6604
3727
8686
1505
4021
1019
6555
4065
1659
226
6662
7587
2834
9973
5597
5255
7821
2364
1654
207
7833
4536
492
4109
500
4144
3172
2434
8855
9152
8811
8552
9660
9976
9374
2728
648
3775
4864
3652
1559
4575
7520
3562
4111
617
2803
3008
5636
3797
9615
44
7784
8614
942
9548
9990
9963
5519
3960
7884
2838
8600
3423
4296
5351
2318
2760
7372
9915
9213
6534
8999
2327
4547
5764
8650
4549
4768
9226
304
5640
2843
3517
2510
9762
6018
6864
920
3520
4038
7724
99
524
7886
4715
3241
930
2466
1089
4525
6643
5104
7178
4923
7166
2104
7614
9929
1218
5803
8089
852
5149
7761
7854
5140
9548
2577
5371
4136
3833
2642
9102
8164
9636
4263
7842
5674
5686
2179
8830
2496
981
6288
8060
3943
5131
6421
302
7028
1575
1242
9018
1065
7471
5434
8058
6095
9363
2953
6854
791
5040
2649
7869
7576
9112
3575
7918
4448
2628
3996
4870
7278
371
4770
3047
2662
5689
1138
1102
4630
5310
2983
47
3947
4561
1565
9670
4169
3790
4364
28
2938
857
2790
6029
3890
2164
8235
1442
4403
971
2326
6950
7694
9307
6351
155
8585
7889
7303
5058
247
845
8409
4452
3405
9034
2036
8776
987
8916
6736
531
1849
2892
6432
4439
3806
2424
3367
154
2369
6733
3443
5039
8172
2703
627
2647
3980
358
606
532
8682
8108
8697
9667
8105
1402
1828
316
1005
6794
8250
933
783
646
8812
4503
1314
6116
3429
2721
3304
3829
9344
736
426
5291
9903
2398
3097
7925
4141
1966
3112
5765
6049
7281
3158
6207
8872
9770
1511
6526
882
7957
1131
3196
889
5390
8776
7116
1136
3654
9701
4062
1126
636
88
4997
3054
6524
1094
9459
5645
1573
5087
3985
8147
8581
5664
4201
2968
4852
9852
404
3171
800
130
4740
7174
2359
8617
3576
1910
8248
497
6043
4518
4650
1763
1255
2747
758
2345
1718
7494
4882
675
6129
2012
1784
3626
2940
8551
442
4523
2227
9142
5582
4831
4598
7904
3978
3320
7924
8827
3183
3845
9045
8207
1544
6747
5000
4360
6069
5981
2124
9469
734
1544
5381
2917
2032
2576
7871
243
3647
1304
7300
8300
7042
5364
2753
7955
2131
6513
241
9359
2065
1574
4694
9973
2311
3623
3136
2611
7587
4811
7675
8767
1283
512
5345
1617
6940
6181
9566
4527
7662
1579
9666
2260
700
9985
3220
1295
930
1884
5965
317
5430
271
9730
7779
6802
6575
4070
469
4598
8088
4951
7218
3682
9367
6670
5433
9965
8408
942
842
3450
2336
2099
8115
5146
4487
3451
4847
1655
5952
8191
9532
740
7425
8791
4225
8180
9849
4945
3612
8855
7053
3962
1293
9483
9360
3204
2714
2575
8585
2808
2179
832
7848
6108
3988
6987
2788
478
174
2273
5299
1515
3093
7929
8061
6090
6548
4608
3294
7181
2602
3500
9391
7071
4872
9697
715
3067
56
4853
6342
8323
25
7398
3539
7482
6250
6982
9113
1991
702
7921
419
7582
881
5543
8102
960
9398
5875
2359
8161
708
4143
4780
8987
6475
4187
342
3115
5081
2124
4983
5770
4960
4052
2115
7972
7840
52
5818
2492
2813
5964
784
8461
1030
4600
5461
3399
2062
4001
2555
1234
2225
551
9338
2314
2030
6132
6899
6169
9209
1098
1487
5775
7748
5012
1890
8064
9950
809
7245
4370
4754
7079
2551
496
2700
3044
4496
210
1236
9858
2224
6794
5243
2189
2862
6459
4874
9253
191
2099
2112
953
363
2403
8249
2266
6777
9749
2028
800
9726
7908
6641
8030
9169
1537
6073
8519
4326
8859
1026
4865
8081
8431
3333
9909
2676
9809
216
7812
79
3965
4482
9485
7023
981
6503
6658
751
6527
81
8495
496
2970
1542
6121
4146
2629
5129
7282
2199
6393
7406
3748
4132
6782
2175
2575
7008
9242
3438
2156
9258
6335
812
2500
8869
3042
2730
6803
3389
7860
5605
9296
4320
78
7160
6427
2133
1862
4869
834
125
519
3761
9009
2755
5675
1847
2123
6079
616
1798
7630
8796
5282
1072
1647
2519
9697
6247
1858
4328
4714
3888
8300
6868
9332
300
2881
7842
6063
3007
2058
9329
8520
882
2006
9157
447
78
1270
6548
3818
9956
8439
9821
5615
4573
3816
1036
4407
3781
9835
1579
9565
1242
1991
8566
5958
6255
9954
6047
2480
2136
1850
7486
5577
4200
1863
8611
5167
7305
1351
4296
9404
9987
9326
752
878
564
2826
3927
4066
2240
3747
3212
8080
7775
2093
747
298
3878
9892
9893
953
9244
1409
8710
9215
6558
8249
1987
8184
2223
626
7190
279
8603
8349
6690
577
403
6652
5463
2376
398
5463
2901
5744
3536
1718
6728
3357
4969
1024
2588
4511
8975
5487
1881
2083
5436
9690
5760
1039
88
2597
4002
7234
9925
1338
7258
6810
929
197
3585
5387
1669
1849
7150
8465
3450
8131
4590
177
5970
4991
2939
4922
3137
4678
4004
1947
2951
9710
3693
2319
4412
9381
1034
647
9941
204
2140
3783
7235
832
5454
5356
6876
5858
2525
9200
5156
6613
544
2006
5188
1207
2587
2687
2877
2049
2393
4467
1403
7919
696
3805
2503
2794
2717
6007
4822
174
7703
1065
8210
1774
4675
8573
9794
3756
3964
1327
87
1058
2786
1354
6655
7939
8774
5355
7595
7592
2489
4880
2187
4468
8964
8785
7147
4348
1018
9473
8145
4246
9292
8642
6536
7021
9611
9223
7753
2350
6464
8040
7928
2285
1506
6938
7956
5687
6034
3668
4943
5456
7265
6316
9649
5590
9070
9282
4929
9715
4344
6780
2588
1501
3399
8012
379
9187
9533
9381
1033
1762
628
8504
9390
3586
3334
7053
2399
9344
7269
9874
1914
2262
598
4254
6
2523
8873
1596
6229
4265
4782
8782
3777
8793
9342
2175
1697
585
5696
701
7324
9882
2659
5070
1751
2410
1351
7887
2388
6036
989
2187
5435
6013
1124
9292
9651
8127
4607
759
9676
7522
6402
1455
6435
9058
9275
97
6247
454
1344
2726
8956
6231
506
2683
7767
360
622
5203
3279
8968
219
5865
1776
7186
8381
9922
1308
4724
5336
2229
2159
8713
2496
5895
1010
8548
8181
7789
5267
4961
624
7351
7355
2556
4350
3937
1222
4281
9886
2659
2297
1894
1900
2134
2684
7640
6669
4212
8959
1800
186
4051
7125
3990
5568
1090
1502
1284
3875
4460
3788
9974
9671
7133
2441
6687
575
5703
9691
2406
7105
1801
8531
4646
7490
952
6476
1706
6731
8122
4605
8303
9425
7465
3509
6432
9028
2834
7635
4599
2545
8049
7866
2745
6611
8665
7685
9770
9478
9132
1780
7120
4994
985
6798
7603
9596
1012
4178
641
8528
5506
1507
2034
7843
2446
6810
6049
6588
356
1001
1915
4898
776
4584
2994
3241
4746
2286
3494
8652
5793
1570
6053
9944
9227
8236
8912
8110
5286
8925
7089
5697
7022
2025
1337
8600
473
8009
9774
91
9692
600
4420
2784
3592
9274
7371
3348
4980
4537
5628
4058
7076
9711
8218
4794
7898
4165
5577
1299
2710
3793
6164
9401
1222
3157
640
7690
1760
4656
8703
3367
4770
71
9390
8114
6185
1066
6684
1620
6863
2910
8944
1718
2022
5106
2330
1597
6254
3315
2373
7487
953
1192
9906
1712
7317
2081
6599
1164
801
7005
9166
2237
180
464
1870
8404
4208
7340
1437
3049
244
520
5070
6028
2260
455
4027
7166
3133
1825
7386
7836
1962
6244
7286
6686
1332
5071
7500
6220
5280
7427
8884
6194
4547
4695
219
1226
3132
2047
6290
760
5628
5115
3404
5903
2616
6706
5879
9220
5263
2160
9247
1877
3647
3412
1428
2055
7175
4128
9396
4573
4389
8225
2503
6721
9932
8632
6109
9756
6078
7385
8377
2633
334
1857
9427
1402
3875
8608
4609
7462
4494
2507
5442
6429
5426
2637
7926
311
1111
7571
1656
6313
1596
8275
1596
8974
5203
12
4525
3
3217
1039
8985
228
9567
545
3624
2643
3874
3617
2185
8043
7794
5693
5685
3918
2681
427
993
389
62
9450
9731
7131
790
7472
209
2871
2659
8437
3767
3576
6223
7257
788
7087
6428
8387
873
2577
6412
4069
6415
6332
1714
3640
1317
2367
7837
3230
5619
445
533
7362
1304
7235
5679
6737
6541
9227
1410
6462
7133
2146
7196
1315
7242
3205
3595
7231
5511
2528
4024
9471
350
9682
690
3994
5907
2634
3749
2375
9870
9534
1374
7404
8451
753
5938
8016
180
6396
1225
1283
6776
2985
8051
6736
4877
559
1635
9105
733
1110
3521
8665
3966
6354
9825
3497
7422
8407
314
6356
4283
4245
2101
4765
5482
1868
4432
8736
5952
857
4225
1958
8165
6196
1128
845
8233
4802
6238
2362
3045
5307
4906
8746
4170
2138
8258
9070
6060
3437
6164
8550
1861
383
4578
2045
2789
2055
6617
5661
2842
6623
4879
501
1767
4717
1354
9213
467
805
2673
1078
9495
2168
5233
7835
9252
954
5791
6734
5330
9842
5899
2274
6994
1883
5790
3713
4077
3933
2828
1038
6760
1382
5550
2479
4133
7084
5768
8442
9974
8198
9640
3967
2133
1571
1976
5075
2747
7024
7343
5458
7595
2580
8393
4637
1003
213
7842
9957
3592
2953
8763
8135
3319
4806
947
4725
7898
1896
9539
1696
3768
1973
9877
8841
176
1766
2428
635
6799
2707
2959
6081
223
6660
5714
9316
7672
3285
2417
4525
8896
1854
4998
4021
9512
7476
3672
396
702
582
2718
4850
1326
192
2329
3692
2298
8295
4304
5706
1567
2344
2256
2393
9432
2702
4205
2701
9407
8229
1861
9654
8092
1749
1929
6783
4807
7500
1449
58
1803
8485
2401
7576
1830
1823
9970
6693
488
5073
5138
2505
5824
2267
2747
1738
3672
4151
4490
4972
1081
5850
3642
3910
2596
9353
3144
2766
5596
3890
8806
1690
9923
7157
1650
6111
8615
2277
9216
2340
1133
6073
116
4272
8042
2482
2606
7183
3019
2828
4839
2881
7262
1712
4802
8805
7137
5902
9279
9335
2431
417
937
7904
5410
7605
575
6632
6404
1727
3285
3626
4533
872
4241
5271
3622
2212
1274
6434
5319
5073
6116
3116
6680
2279
281
2185
4216
9313
4167
7653
2788
7297
3697
8729
9151
2585
2477
7424
7931
4019
8831
7097
8159
1879
8482
8020
7660
9896
4393
1836
1734
5598
9605
4474
2219
1550
134
382
7959
6484
3140
7135
6616
8423
4205
8826
2580
8764
9394
2256
4544
2218
9314
2251
4482
1562
2543
1604
6641
3193
9958
7598
9506
4718
868
1235
2005
7197
6766
3286
1953
8227
270
8219
8019
2446
5787
269
7667
4563
7643
3146
61
5830
3317
453
9285
3534
7630
586
2290
1746
5542
887
8110
37
1430
5931
6
566
478
6509
1407
5413
6675
2370
5258
4461
8575
6997
5243
9540
9498
8682
2457
1898
2852
6020
8894
8697
920
556
4946
561
9378
3502
5874
303
7092
7662
974
3305
6686
7532
9303
1747
1126
4844
9063
6012
3364
5905
3908
8863
8747
5705
6634
2819
3970
2366
8491
786
3859
3672
7418
489
9279
6343
7212
1554
2394
3779
2734
5193
7617
1244
4711
6533
9437
1926
1553
628
528
2980
32
2212
7908
2077
9965
1298
6158
313
8255
4678
6634
341
2215
7738
3723
3260
1537
2660
5064
2658
3893
5229
8929
1630
4466
9137
6165
2607
7311
8284
1101
4392
1612
415
1006
9456
8438
938
2936
8095
1684
6997
8164
6455
459
3282
3532
5513
1575
3633
5424
928
8901
9939
8632
1170
1491
1759
4594
5220
5082
2634
2927
949
1647
4358
801
2216
3280
4563
6799
8582
8352
8285
3335
7241
8512
4533
9110
688
3364
9005
8672
4554
4681
1212
9856
5898
3708
7738
9518
9117
3308
7626
7283
8097
6446
532
1560
4059
7103
6983
1511
2058
5613
3601
6847
3412
6896
5355
1524
2091
9030
1684
2602
9442
5078
8466
5307
4801
3437
2165
4467
1909
7357
2577
5025
8693
5634
5485
7970
6949
2222
9454
1495
6209
4128
1920
1057
9470
288
1596
6960
7670
5698
7402
5422
838
872
339
8354
1502
5226
6814
1702
6683
3985
7099
9355
3004
4919
1371
82
3868
646
9678
6296
7826
645
6732
8134
8175
8603
8323
1183
1697
9344
4731
9623
2236
2534
3596
4720
7034
6937
5209
2223
1410
2417
6168
4144
3162
5010
5943
2823
8826
5771
4574
580
3875
2454
7135
3446
6081
376
4278
7849
9708
3722
7838
3658
8156
1927
8079
8013
4302
2518
2017
1304
8455
1576
7834
2834
1481
2699
7017
944
6855
3465
5819
4132
1504
1844
597
3865
7994
3836
189
5735
796
5894
8185
3029
1374
3380
8990
1426
6384
6455
9193
7413
5067
4542
5506
9534
4914
8092
5239
2383
1240
3751
3224
3547
9729
9959
9101
7767
2516
6913
6001
5967
1460
6236
5604
6428
8455
2610
9061
3265
8233
3781
7069
6068
3972
5781
7352
5160
2281
9065
6857
9358
9062
3579
4129
1620
9435
4031
3012
9496
3730
4465
5335
334
3925
2898
5529
4058
6995
572
1929
9733
2207
2837
6035
5976
3380
7772
3530
1291
5354
9581
3724
55
8425
9599
6778
730
4456
3517
1061
4898
5057
5505
3801
7432
3968
5653
687
4851
5610
2381
8756
2153
845
8053
4853
126
3611
4378
2328
1852
7772
4144
4977
9699
5689
2617
4176
2830
3266
9502
6499
1327
5401
8747
8995
3749
3091
6506
2174
9248
1169
1765
8843
4196
5784
6087
2348
4693
7694
3619
2337
8664
7814
569
8131
1176
3775
3138
2998
6079
3434
5299
953
7641
1918
7060
6645
893
9118
3544
1149
6428
4336
3234
9019
1882
1614
5220
7404
5678
9682
8755
280
353
1168
7214
762
4410
1092
8595
1912
9902
1026
8620
1649
3125
1100
8555
11
8363
5601
939
7143
4299
6803
9913
7014
1895
9245
4280
7278
2272
197
1663
411
1748
3700
8524
8813
839
9838
3348
3256
9929
2888
9405
333
4105
4922
7184
1568
2468
5183
7862
4207
2280
8509
4628
5321
497
5317
9863
2061
2400
2566
6686
5113
8947
376
3942
8296
7859
470
8685
6903
1368
4361
909
9894
8418
3614
2144
1925
175
692
9572
306
8520
3195
9901
2875
4612
8331
4650
4671
2722
2231
7871
7075
7022
3571
4538
8048
4379
7235
53
8083
1774
2654
5237
6056
9864
6741
4014
1993
3576
4048
1867
694
2680
5618
6869
2289
5200
1432
4636
860
9720
4570
7875
4346
2311
8609
3611
9738
8035
2638
5362
2332
9366
9614
9501
7370
8206
3808
1386
6354
7109
5670
6629
6229
7607
8796
4684
932
2200
7940
816
9211
7524
4299
1827
8044
7353
4374
3313
642
2433
2974
6687
8855
1946
1729
6895
2451
255
6429
3154
3270
7564
6757
6283
7827
5975
6766
1107
5393
4039
278
5808
3911
4542
8844
4554
1883
8728
8237
6342
3632
995
2795
5797
3307
2428
2891
1152
8282
1558
8929
1767
5756
2392
7002
1027
2009
3644
7361
9144
392
897
3815
7236
1975
688
2202
2269
2643
9218
3899
5936
1645
7565
446
8619
3330
4395
7178
2094
1913
853
9427
8284
3279
8623
5196
7140
3668
5212
6669
416
3720
4215
5790
1576
480
1838
2157
3654
8013
2873
5240
1419
7675
7494
5297
8007
3011
8234
7762
1767
3221
1157
9838
699
7289
1179
309
1445
2214
9554
4572
9010
1303
6098
853
7532
2105
8148
9211
1550
2126
2714
6322
9882
5864
412
2201
6514
5654
2228
769
3847
458
9763
7560
9469
7370
7330
408
9620
2662
1510
9203
3174
8281
1003
8288
5436
675
2968
7658
5722
3871
5802
7530
1735
412
9135
9802
850
3781
2545
8646
5324
1934
1616
3785
3669
3410
2239
3740
9574
1170
7422
2495
6393
1786
1273
4795
6164
8988
9461
8358
2866
3046
7089
2203
3467
5578
765
3316
2966
3587
2165
9567
5415
6023
7021
3499
386
8967
646
1507
5296
1184
2371
1857
5227
5391
4376
1707
8358
991
8447
7655
2146
6975
9418
5547
9342
3999
1132
666
656
6028
7500
802
4962
2242
1163
7172
2548
1278
5182
5690
4092
6213
171
1269
7019
4661
4586
541
6750
9000
562
2916
1342
3888
5210
2947
6936
1138
2032
9113
4184
8503
1771
2569
2582
7394
6274
9068
1099
5106
6374
6766
6579
910
8913
5733
497
8834
9610
9136
3839
9851
9635
2530
702
4001
2008
4430
4366
9749
2312
5859
741
4860
1630
4187
202
3891
3324
1706
5592
8892
1551
7080
1148
4443
9883
5733
5773
3593
9505
3831
3752
8754
1003
8683
175
6748
786
4658
8606
6506
4007
7442
9989
934
3308
2382
3064
6970
4786
6939
8057
4751
1478
3614
5041
2671
1414
8319
3744
2152
6678
4513
75
980
8734
1818
8321
2467
1014
2933
8858
2594
3433
1425
7435
6231
2616
1291
4180
4703
9097
6562
4674
2328
3727
761
504
7654
2257
6026
8379
1401
8655
9565
789
169
1179
6164
8945
1797
3909
8738
3180
7576
2868
852
6594
2251
1569
2459
5418
763
8974
8935
1326
4940
6533
322
5864
914
8216
7949
1661
9129
856
927
3334
7255
2647
1442
7
6278
4723
654
172
1074
3324
2563
2368
6936
8988
2072
3646
4425
326
3445
8049
5125
480
3196
9994
8486
3830
1444
6952
6205
1047
3485
2321
4316
8955
3931
9164
6671
6602
2980
1746
1084
2865
7192
3818
7446
6046
8181
4588
9484
3333
500
4582
1866
8501
6004
5078
2013
2370
7654
4550
8852
9345
6769
1815
7944
9115
8167
5462
2953
7809
6345
3129
119
2743
3629
8013
2928
118
9019
1738
878
6919
8760
7589
6130
1422
4465
9384
3193
5843
439
7217
827
6531
489
1967
5882
1958
9711
7642
4314
8959
4328
4548
4607
177
1784
642
6205
9844
230
1904
6375
1510
686
663
2564
5187
4477
3409
4873
4992
2993
9104
6789
192
676
9012
3157
6731
5147
6919
9166
8558
2376
7855
1041
4975
9821
4316
6545
4531
2092
7976
3808
6264
9755
1551
3343
8091
1034
9277
7185
2064
6764
1288
6158
4119
6316
4188
3171
9735
2081
3119
6821
4690
573
9903
426
7368
9704
4118
747
4144
6755
5078
6606
6308
4934
474
6002
3552
4854
4114
5868
814
4227
86
4798
3370
1036
355
2158
3236
1917
1310
6895
8871
1957
859
3228
3549
7186
6518
3740
2686
9319
2728
3806
1044
4522
1806
8378
103
2980
6667
6716
960
8874
7660
7790
6435
3097
5375
6411
1000
1539
7946
9905
9429
8661
2515
1660
2304
6275
455
5215
2051
1211
2671
1732
5836
2301
6850
1986
4173
5407
7918
6673
6497
5229
1413
1120
1383
943
7652
7827
2762
1628
9180
5587
2579
3000
579
765
66
6462
9023
4079
4795
2349
2741
5080
329
5849
6610
2010
8995
6768
4931
7196
4613
6064
5676
3844
9716
2114
7217
1134
2531
6658
5321
5662
9657
9154
3471
9503
7547
9346
2246
142
284
6206
6854
1379
2898
8225
6242
1168
1240
3565
852
892
6774
7948
8934
7610
6975
7101
3558
6660
3052
6588
9147
2759
1580
8715
3525
8580
4196
6465
7074
744
1315
9208
3925
990
5115
1828
7835
3080
7151
2479
3830
7651
5950
8472
6604
4368
6589
5494
562
4798
265
2399
7596
7033
2697
685
245
7076
3735
8695
159
6900
1951
5193
1727
7103
5599
4534
3172
3355
8099
4829
8097
2971
8305
6256
1027
9741
2652
7061
9884
1538
2697
4408
4530
2317
6934
1472
2591
2445
5854
2394
7846
8844
5230
9859
5801
8513
1704
2477
3738
9589
570
6575
1201
7948
4281
939
7014
8569
6062
8980
8183
5704
3755
2875
3512
8886
571
2127
3924
6658
6203
486
2329
3252
1001
3552
2234
4074
6746
1125
9630
284
8942
3856
1227
3742
3052
415
766
9367
8385
298
3743
1725
9438
7394
9488
9008
544
2795
7059
60
4712
5833
6581
8789
4227
6790
5964
8241
8321
1430
6189
3154
4404
1908
6805
7112
5302
3601
8176
8182
761
4698
5388
1313
8938
3045
9877
4163
600
9343
9211
3056
2816
6181
9422
570
7768
4735
9703
8303
9986
5367
140
3448
1575
6146
2651
7651
7675
5982
9299
4732
2222
1590
2487
7330
7409
1470
9024
9507
693
9508
9824
7196
5141
1983
7682
2919
6832
7186
6705
4379
4036
3164
676
4546
4652
2170
1250
554
1096
8526
9430
2413
4150
3933
2179
9925
9824
4253
8203
4958
4808
5666
7196
1319
3366
4717
4034
9384
8974
1353
6308
2190
9811
4387
3921
1814
5728
9128
1171
8302
9678
3222
9705
4920
8592
414
3229
7620
4352
630
72
4106
4827
369
168
4324
5128
2429
9164
9956
2417
1852
8391
289
7076
4083
4610
2609
6469
7440
1527
4526
4588
8625
6503
1310
4399
6041
2174
8999
7894
4230
5300
9756
519
8041
5350
6255
6803
3101
2372
1071
7726
2398
3377
61
9869
5553
8265
7959
9207
1076
4742
143
180
6005
3131
8171
8314
4319
551
5476
8856
795
404
1165
1233
514
984
4445
3501
9598
2658
6696
5051
2431
7772
5719
3740
5892
3479
5343
8622
4185
3784
4441
7859
3195
7050
5766
2203
2305
4293
4067
7155
1547
9907
5113
6980
1488
4763
7371
4608
1953
1489
6160
7972
7711
8625
1542
2967
8763
6853
9764
8974
1102
2162
4002
9454
9051
2652
3573
5820
10
7106
7391
1439
8732
4181
6516
4582
385
8783
8029
8246
5077
8949
9092
6878
6954
756
5718
5025
7768
9151
7135
726
5253
2242
6551
3838
7914
1254
5830
5729
2082
7695
5357
6318
1164
1607
2280
4289
5723
138
7788
8500
3823
364
3255
48
743
611
8188
7208
3074
5290
2581
5606
250
8616
4330
8619
692
6645
2137
1926
7807
9164
6246
685
3136
9179
5752
3162
663
9232
849
963
6836
2442
6711
3654
9838
6864
34
2
1416
9886
3216
1548
4338
7506
3496
7374
2082
6770
5165
1215
3884
6844
8400
2163
9967
9136
7813
1695
5767
2560
4242
9959
6559
8820
5657
3445
6873
4276
2399
5399
9466
1713
9829
3292
3177
2903
4727
5180
3957
960
5719
1064
1646
2152
8535
7112
8000
2329
4703
1646
1788
1612
7831
4095
3688
5607
8276
3063
1887
3691
2029
4126
468
4783
5198
6241
4291
2112
7072
8623
5836
6554
3820
8514
2610
2586
3428
628
7372
2079
195
6520
1337
6734
7082
7935
2713
3066
1971
8498
2328
952
2957
8416
1454
1727
1318
2608
8156
209
9640
254
9950
6742
7020
1278
4617
7877
9911
9308
9246
5863
1734
1091
8899
8817
293
4785
834
5618
585
862
7514
758
3136
9238
7714
7640
1086
806
1576
1123
7146
9668
4014
2719
8230
6638
4002
2154
5968
1264
267
6402
8752
789
4680
6519
5817
2222
133
2925
9953
9156
6943
5580
5033
3523
19
9009
471
516
4302
9329
7132
4116
620
4298
7894
9772
655
8997
6868
7790
3642
2257
7131
627
752
7357
389
8247
2630
491
2359
1965
4752
3972
6719
8023
8475
7559
5262
395
3500
7072
2745
3434
9527
3761
2902
8208
187
3622
3482
7237
3608
4459
1967
1822
8284
6618
796
683
1369
4605
3753
8528
9715
9490
4639
7139
