1
2
3
4
5
6
6
7
7
7
10
10
11
12
14
14
14
15
16
17
18
19
19
21
21
22
24
25
28
29
29
29
31
31
32
33
34
36
37
37
42
42
43
43
44
45
45
46
46
47
47
47
48
49
52
52
52
53
53
53
55
55
56
56
56
57
57
58
59
59
60
61
61
61
61
62
64
66
67
68
69
71
72
72
73
75
75
77
77
78
78
79
80
80
81
82
82
82
84
84
85
86
87
87
88
88
88
88
89
91
92
93
93
93
97
97
99
99
101
103
104
104
105
105
105
108
109
112
112
113
113
116
118
118
119
120
121
121
122
122
125
125
125
126
126
127
127
127
128
129
130
131
131
133
133
134
135
136
138
138
138
138
140
142
143
146
148
151
153
154
155
159
159
161
161
162
164
165
165
165
166
167
168
168
169
169
169
170
171
172
174
174
174
175
175
176
176
177
177
180
180
180
180
183
184
185
186
186
186
187
189
189
190
191
191
191
191
192
192
192
195
195
195
197
197
198
201
202
203
204
204
205
205
205
207
208
209
209
210
210
210
211
211
212
212
213
215
215
216
216
217
219
219
219
219
220
220
220
221
223
224
224
226
226
226
227
227
228
230
230
230
232
233
236
237
238
238
241
241
242
243
243
243
244
244
245
245
245
246
246
247
247
247
249
250
250
250
254
255
256
256
259
262
263
264
265
265
267
269
269
270
270
271
271
273
274
274
278
278
279
280
280
280
281
284
284
284
285
285
285
285
286
288
289
290
291
292
293
293
293
294
298
298
299
300
301
302
303
304
306
308
309
311
311
312
312
313
314
315
315
316
316
317
317
317
318
319
319
320
320
322
323
323
324
324
324
325
325
325
326
327
329
329
329
330
333
333
334
334
337
337
339
339
339
341
342
342
343
343
346
346
347
347
349
349
350
350
353
355
355
355
356
357
358
359
360
360
362
363
363
364
364
365
367
368
369
369
371
371
375
375
376
376
376
378
379
379
379
379
380
382
382
383
383
385
386
386
387
387
388
388
389
389
390
390
390
392
395
396
398
401
402
402
403
403
404
404
404
405
405
406
407
407
407
408
408
409
409
411
412
412
412
413
413
414
414
415
415
416
417
417
419
419
421
423
426
426
426
426
427
427
429
430
431
431
432
433
434
435
436
436
439
441
442
442
445
446
447
447
449
449
449
452
452
452
453
453
454
454
455
455
455
458
458
459
462
462
463
463
464
465
467
467
467
468
469
469
470
470
471
471
473
473
474
477
478
478
478
480
480
480
480
480
480
482
482
483
484
485
486
486
487
487
487
488
489
489
491
491
492
492
493
494
494
495
495
495
496
496
496
496
497
497
497
497
499
499
500
500
500
501
502
504
504
506
507
507
509
509
510
512
513
514
516
516
517
518
519
519
519
519
519
520
520
521
521
522
522
523
524
525
526
528
528
529
529
531
531
532
532
533
535
538
538
540
541
542
542
544
544
545
545
548
549
550
550
551
551
551
553
554
555
555
556
556
559
560
560
561
562
562
562
564
565
565
566
567
567
568
569
569
570
570
571
572
572
573
573
573
575
575
575
576
577
577
578
578
579
580
580
582
583
584
585
585
585
585
585
586
586
591
592
592
593
594
594
597
598
598
600
600
600
600
602
603
603
604
606
607
610
611
611
611
615
616
617
618
619
620
622
623
623
624
626
626
627
627
627
628
628
628
628
630
630
631
631
632
635
636
636
638
638
640
640
640
641
641
642
642
643
643
644
645
646
646
646
646
647
647
647
648
648
650
652
653
654
654
655
655
656
657
657
658
660
661
663
663
664
664
665
665
666
667
668
668
668
671
672
674
675
675
675
676
676
677
678
680
683
683
684
685
685
685
686
686
687
687
688
688
689
690
692
692
692
693
693
694
696
696
696
698
698
699
699
699
699
699
700
700
701
701
701
702
702
702
702
702
702
706
706
706
708
709
709
709
709
711
712
713
713
714
715
721
722
722
722
723
725
726
726
729
730
730
730
731
732
733
734
735
736
737
740
741
741
741
742
742
743
743
744
747
747
748
749
750
750
751
751
751
751
751
752
752
752
752
753
755
756
757
757
758
758
758
758
759
759
760
760
760
761
761
762
762
763
763
764
765
765
766
767
768
769
769
769
769
770
770
770
771
771
772
772
773
774
775
776
777
777
778
783
783
784
784
785
786
786
786
786
787
787
788
788
789
789
790
790
791
791
795
795
795
796
796
798
798
800
800
800
800
801
801
801
802
802
805
805
806
806
806
807
809
809
811
812
813
814
815
815
816
816
817
817
818
818
821
827
829
830
831
831
832
832
832
833
834
834
834
837
838
839
839
839
839
842
842
843
844
844
845
845
845
845
846
847
848
849
849
850
850
851
852
852
852
853
853
853
854
855
856
856
857
857
858
859
859
860
862
864
864
864
865
868
868
868
869
869
871
872
872
872
873
873
874
875
878
878
880
881
881
882
882
883
886
887
887
887
889
889
889
891
892
892
892
892
893
893
894
896
897
897
898
898
898
900
901
902
902
902
904
906
907
909
909
910
912
912
914
914
917
920
920
920
921
925
925
925
925
927
927
927
927
928
929
929
930
930
930
932
933
934
934
936
936
936
936
936
937
938
938
939
939
941
942
942
942
943
943
943
944
944
944
945
946
947
947
948
949
949
950
950
951
951
952
952
953
953
953
953
954
958
959
959
960
960
960
961
962
963
963
964
965
967
967
967
969
971
971
972
973
974
974
975
977
979
980
981
981
982
982
982
984
985
987
988
989
990
991
991
992
993
993
993
995
995
997
997
1000
1000
1001
1001
1001
1001
1002
1003
1003
1003
1004
1004
1005
1005
1006
1007
1008
1010
1010
1011
1011
1012
1012
1013
1014
1016
1016
1016
1018
1018
1019
1019
1020
1021
1022
1024
1026
1026
1026
1026
1027
1027
1027
1027
1030
1033
1034
1034
1036
1036
1037
1038
1039
1039
1039
1039
1040
1040
1041
1043
1044
1046
1047
1048
1052
1053
1057
1057
1057
1058
1061
1063
1063
1063
1064
1064
1065
1065
1065
1066
1066
1067
1067
1070
1071
1072
1072
1072
1074
1074
1074
1076
1076
1076
1077
1077
1078
1078
1078
1078
1081
1081
1081
1082
1083
1084
1085
1086
1086
1086
1086
1087
1089
1089
1089
1090
1091
1091
1092
1094
1094
1095
1096
1098
1098
1099
1100
1101
1102
1102
1102
1102
1104
1105
1105
1107
1110
1111
1113
1114
1116
1117
1118
1118
1119
1120
1120
1120
1123
1123
1123
1124
1125
1125
1126
1126
1128
1131
1131
1132
1132
1133
1133
1134
1135
1136
1136
1137
1138
1138
1138
1139
1142
1142
1143
1144
1146
1148
1149
1149
1149
1150
1150
1150
1152
1152
1152
1153
1155
1157
1159
1161
1162
1162
1163
1163
1164
1164
1164
1165
1168
1168
1168
1169
1169
1170
1170
1170
1170
1170
1171
1175
1176
1176
1178
1178
1179
1179
1179
1183
1183
1184
1186
1188
1189
1190
1191
1191
1191
1192
1192
1193
1194
1195
1196
1198
1199
1200
1201
1201
1203
1204
1204
1207
1207
1208
1209
1209
1209
1210
1211
1211
1211
1212
1212
1214
1215
1215
1217
1218
1219
1219
1222
1222
1225
1225
1226
1226
1227
1229
1229
1229
1232
1232
1233
1234
1235
1235
1236
1236
1237
1239
1239
1240
1240
1240
1242
1242
1243
1243
1243
1244
1244
1246
1247
1249
1250
1250
1251
1254
1255
1255
1257
1259
1260
1262
1263
1264
1265
1266
1266
1267
1269
1270
1271
1271
1273
1273
1274
1275
1275
1278
1278
1279
1279
1280
1283
1283
1284
1286
1287
1288
1290
1291
1291
1293
1293
1295
1295
1296
1297
1298
1298
1299
1299
1300
1300
1300
1301
1303
1303
1303
1304
1304
1304
1305
1305
1306
1307
1308
1308
1309
1310
1310
1312
1312
1313
1313
1314
1315
1315
1315
1316
1317
1317
1317
1318
1319
1324
1326
1326
1327
1327
1327
1327
1330
1331
1332
1333
1334
1335
1335
1337
1337
1338
1338
1339
1342
1342
1344
1345
1348
1351
1351
1351
1352
1353
1354
1354
1354
1354
1354
1355
1356
1356
1360
1362
1362
1366
1368
1368
1368
1369
1369
1371
1374
1374
1374
1378
1379
1379
1380
1380
1381
1382
1383
1383
1383
1383
1386
1386
1386
1387
1388
1389
1389
1389
1390
1391
1392
1395
1395
1396
1396
1397
1399
1400
1401
1401
1402
1402
1402
1403
1404
1404
1407
1407
1408
1409
1410
1410
1410
1411
1413
1413
1413
1414
1414
1415
1415
1415
1416
1416
1417
1418
1419
1419
1419
1419
1422
1422
1424
1425
1425
1425
1426
1426
1427
1428
1429
1430
1430
1431
1432
1432
1432
1434
1434
1435
1437
1437
1439
1439
1439
1440
1440
1442
1442
1444
1444
1445
1449
1450
1454
1454
1455
1455
1455
1460
1460
1465
1465
1466
1468
1469
1470
1470
1472
1477
1477
1477
1478
1478
1480
1480
1480
1480
1481
1483
1485
1485
1485
1485
1486
1486
1487
1488
1488
1489
1490
1490
1490
1491
1495
1495
1497
1500
1501
1501
1502
1502
1502
1503
1504
1504
1505
1505
1506
1506
1507
1507
1507
1510
1510
1510
1510
1511
1511
1511
1512
1513
1515
1515
1518
1518
1518
1518
1519
1521
1521
1523
1523
1524
1525
1525
1527
1527
1529
1530
1531
1531
1533
1534
1535
1536
1536
1537
1537
1538
1539
1539
1539
1541
1541
1542
1542
1542
1544
1544
1545
1546
1546
1547
1547
1548
1550
1550
1550
1551
1551
1553
1554
1554
1558
1559
1559
1560
1561
1561
1562
1562
1564
1565
1566
1566
1567
1568
1569
1569
1569
1570
1570
1570
1571
1572
1572
1573
1573
1573
1573
1574
1574
1574
1575
1575
1575
1576
1576
1576
1578
1579
1579
1579
1580
1580
1581
1582
1583
1583
1585
1585
1586
1587
1587
1588
1589
1590
1590
1593
1596
1596
1596
1596
1596
1597
1597
1598
1598
1598
1598
1604
1605
1605
1606
1606
1607
1607
1609
1609
1612
1612
1614
1616
1617
1617
1620
1620
1620
1620
1620
1621
1623
1626
1628
1628
1628
1629
1630
1630
1631
1633
1633
1634
1634
1634
1635
1636
1637
1639
1641
1642
1644
1645
1646
1646
1647
1647
1648
1649
1650
1650
1650
1651
1654
1654
1654
1655
1655
1656
1656
1658
1658
1659
1659
1660
1660
1660
1661
1662
1662
1662
1662
1663
1664
1668
1669
1669
1670
1670
1670
1671
1671
1671
1672
1673
1676
1677
1678
1679
1681
1682
1682
1683
1683
1683
1684
1684
1688
1688
1689
1690
1691
1691
1693
1694
1695
1696
1696
1697
1697
1698
1698
1700
1702
1702
1704
1704
1705
1705
1706
1706
1706
1706
1707
1707
1707
1708
1710
1711
1712
1712
1712
1712
1713
1714
1714
1714
1718
1718
1718
1718
1718
1718
1718
1721
1722
1722
1722
1725
1725
1725
1726
1726
1726
1727
1727
1727
1727
1729
1730
1730
1732
1734
1734
1735
1738
1738
1738
1740
1744
1746
1746
1747
1747
1747
1748
1749
1751
1751
1752
1754
1755
1755
1756
1757
1759
1760
1762
1763
1764
1765
1765
1766
1767
1767
1767
1768
1768
1771
1771
1771
1772
1774
1774
1774
1775
1776
1776
1778
1779
1780
1781
1781
1782
1783
1784
1784
1784
1785
1785
1786
1787
1787
1788
1789
1790
1791
1792
1792
1795
1795
1797
1798
1798
1799
1799
1800
1801
1803
1805
1806
1806
1806
1810
1811
1813
1814
1815
1816
1817
1817
1818
1818
1819
1821
1822
1822
1822
1823
1824
1825
1825
1825
1827
1827
1828
1828
1829
1829
1830
1830
1830
1830
1830
1832
1833
1833
1835
1836
1838
1839
1842
1844
1844
1844
1844
1847
1847
1847
1849
1849
1850
1850
1851
1851
1852
1852
1854
1854
1856
1856
1857
1857
1858
1858
1858
1859
1860
1860
1860
1861
1861
1862
1862
1863
1863
1864
1864
1865
1865
1866
1867
1867
1868
1868
1869
1869
1870
1872
1874
1876
1877
1877
1877
1879
1879
1879
1881
1881
1881
1882
1883
1883
1884
1886
1886
1886
1887
1889
1889
1890
1890
1892
1894
1894
1895
1896
1897
1898
1898
1898
1898
1900
1901
1901
1902
1903
1904
1907
1908
1908
1909
1910
1912
1912
1913
1913
1914
1915
1915
1917
1917
1917
1918
1918
1918
1919
1920
1920
1922
1922
1922
1923
1923
1923
1924
1925
1925
1926
1926
1926
1927
1927
1928
1928
1928
1929
1929
1932
1933
1934
1937
1941
1943
1944
1945
1946
1946
1947
1947
1947
1947
1947
1948
1948
1949
1951
1952
1953
1953
1954
1954
1954
1955
1956
1956
1957
1957
1958
1958
1958
1962
1965
1966
1966
1967
1967
1967
1969
1970
1971
1972
1973
1975
1976
1976
1976
1980
1982
1982
1983
1983
1983
1983
1986
1986
1987
1990
1991
1991
1991
1991
1993
1994
1994
1994
1994
1996
1997
1998
2000
2000
2002
2002
2002
2002
2004
2004
2005
2005
2005
2006
2006
2008
2008
2009
2010
2010
2010
2010
2010
2011
2012
2012
2013
2013
2013
2013
2014
2015
2016
2017
2020
2020
2021
2022
2022
2022
2022
2023
2025
2025
2025
2025
2026
2028
2029
2029
2030
2031
2032
2032
2032
2034
2036
2036
2037
2038
2038
2039
2042
2043
2045
2045
2045
2045
2046
2047
2049
2049
2051
2051
2051
2052
2052
2053
2053
2055
2055
2055
2055
2056
2056
2058
2058
2058
2059
2059
2060
2060
2061
2061
2062
2062
2063
2064
2064
2065
2065
2065
2070
2072
2072
2073
2074
2076
2077
2077
2079
2079
2081
2081
2081
2082
2082
2082
2083
2086
2087
2087
2089
2090
2091
2091
2092
2093
2093
2094
2094
2094
2096
2096
2099
2099
2100
2100
2101
2101
2102
2104
2105
2105
2105
2106
2108
2110
2110
2112
2112
2112
2113
2114
2115
2119
2120
2122
2122
2122
2123
2124
2124
2124
2125
2125
2126
2126
2126
2126
2127
2129
2129
2131
2132
2133
2133
2133
2134
2135
2136
2136
2137
2137
2138
2139
2140
2140
2140
2142
2143
2144
2145
2146
2146
2147
2147
2148
2152
2152
2152
2152
2153
2154
2154
2155
2155
2156
2157
2158
2159
2159
2160
2162
2162
2163
2164
2164
2165
2165
2165
2166
2168
2168
2170
2170
2170
2172
2172
2174
2174
2175
2175
2175
2175
2176
2177
2178
2178
2179
2179
2179
2181
2182
2184
2184
2185
2185
2186
2187
2187
2188
2189
2190
2190
2191
2191
2193
2194
2194
2196
2196
2197
2198
2198
2199
2199
2200
2201
2201
2202
2202
2203
2203
2203
2205
2207
2207
2209
2212
2212
2212
2213
2214
2215
2215
2216
2217
2218
2219
2219
2220
2220
2222
2222
2222
2222
2222
2223
2223
2223
2224
2225
2225
2225
2227
2227
2227
2228
2228
2229
2230
2230
2231
2231
2234
2236
2236
2237
2237
2237
2238
2239
2239
2240
2240
2241
2242
2242
2242
2242
2243
2243
2246
2246
2248
2248
2251
2251
2251
2254
2254
2255
2255
2256
2256
2257
2257
2257
2257
2257
2258
2260
2260
2261
2262
2262
2265
2266
2267
2267
2268
2269
2270
2271
2272
2272
2273
2274
2274
2274
2276
2277
2277
2277
2279
2280
2280
2280
2281
2283
2284
2284
2285
2286
2288
2289
2289
2289
2290
2290
2290
2290
2291
2292
2294
2294
2294
2296
2297
2298
2300
2300
2301
2301
2303
2303
2304
2304
2304
2305
2305
2305
2306
2308
2308
2311
2311
2312
2314
2316
2317
2318
2319
2320
2320
2321
2322
2322
2324
2325
2326
2327
2327
2328
2328
2328
2328
2329
2329
2329
2330
2331
2331
2332
2332
2333
2333
2335
2335
2336
2337
2337
2338
2339
2340
2340
2340
2342
2343
2344
2345
2345
2345
2346
2347
2347
2348
2348
2348
2349
2349
2350
2350
2355
2355
2356
2359
2359
2359
2359
2362
2362
2362
2364
2365
2366
2367
2367
2368
2368
2368
2368
2369
2369
2369
2370
2370
2370
2371
2371
2372
2372
2372
2373
2374
2374
2375
2375
2376
2376
2378
2379
2381
2381
2382
2382
2383
2383
2385
2387
2387
2388
2388
2388
2389
2389
2389
2391
2392
2393
2393
2393
2394
2394
2395
2396
2398
2398
2399
2399
2399
2400
2401
2403
2404
2405
2406
2406
2407
2410
2410
2410
2411
2411
2413
2414
2415
2416
2417
2417
2417
2418
2419
2419
2419
2423
2424
2424
2425
2425
2428
2428
2428
2429
2429
2431
2431
2432
2433
2433
2433
2434
2438
2439
2441
2442
2442
2445
2445
2446
2446
2449
2451
2454
2455
2457
2457
2458
2459
2461
2462
2465
2465
2466
2466
2467
2467
2468
2468
2471
2471
2474
2475
2475
2477
2477
2479
2479
2479
2480
2481
2482
2484
2486
2487
2487
2489
2492
2494
2495
2496
2496
2496
2496
2497
2497
2499
2500
2501
2502
2503
2503
2504
2505
2505
2506
2507
2510
2510
2511
2511
2513
2514
2515
2516
2518
2518
2519
2521
2523
2524
2524
2525
2525
2525
2527
2527
2528
2528
2529
2530
2530
2531
2531
2534
2534
2534
2536
2538
2538
2541
2543
2544
2545
2545
2547
2548
2549
2549
2549
2550
2551
2551
2551
2552
2552
2553
2555
2556
2556
2557
2558
2560
2560
2563
2564
2564
2564
2565
2566
2566
2569
2569
2572
2572
2573
2574
2574
2575
2575
2575
2576
2576
2577
2577
2577
2578
2579
2580
2580
2581
2581
2581
2582
2583
2583
2584
2585
2586
2587
2587
2587
2588
2588
2588
2588
2589
2591
2592
2592
2594
2595
2596
2597
2598
2600
2602
2602
2605
2606
2606
2607
2607
2608
2608
2609
2609
2610
2610
2611
2613
2615
2616
2616
2616
2617
2618
2618
2622
2623
2624
2625
2627
2627
2627
2628
2629
2629
2630
2630
2630
2632
2633
2633
2634
2634
2635
2636
2637
2637
2637
2637
2638
2638
2639
2641
2642
2643
2643
2643
2646
2647
2647
2648
2649
2650
2651
2652
2652
2653
2654
2654
2655
2657
2658
2658
2659
2659
2659
2660
2661
2662
2662
2663
2663
2666
2666
2667
2668
2669
2670
2670
2671
2671
2671
2673
2673
2673
2675
2676
2677
2678
2678
2680
2680
2681
2682
2683
2684
2684
2686
2687
2693
2693
2693
2695
2695
2696
2697
2697
2697
2698
2699
2700
2701
2702
2702
2703
2703
2703
2706
2707
2707
2710
2712
2713
2713
2714
2714
2714
2715
2717
2717
2717
2717
2718
2718
2718
2719
2719
2720
2721
2722
2723
2725
2726
2727
2728
2728
2728
2730
2730
2732
2734
2734
2735
2736
2736
2737
2737
2739
2741
2743
2743
2743
2745
2745
2745
2746
2747
2747
2747
2748
2751
2751
2752
2753
2753
2754
2754
2755
2756
2756
2756
2758
2759
2760
2762
2763
2763
2765
2765
2766
2767
2770
2770
2773
2773
2773
2780
2780
2783
2784
2786
2786
2786
2788
2788
2789
2789
2790
2790
2794
2795
2795
2795
2803
2803
2803
2808
2808
2810
2813
2815
2816
2817
2819
2819
2819
2820
2821
2822
2822
2823
2823
2826
2826
2828
2828
2829
2830
2833
2833
2834
2834
2834
2835
2837
2837
2838
2839
2840
2842
2843
2844
2844
2847
2847
2848
2851
2852
2852
2854
2855
2858
2860
2860
2862
2865
2866
2867
2867
2868
2869
2871
2871
2873
2874
2874
2875
2875
2875
2877
2878
2879
2880
2880
2881
2881
2883
2884
2885
2888
2891
2891
2892
2894
2895
2895
2895
2896
2896
2897
2898
2898
2899
2901
2902
2903
2903
2907
2910
2914
2916
2917
2917
2919
2922
2925
2927
2928
2928
2928
2931
2933
2933
2934
2936
2937
2938
2939
2939
2940
2940
2941
2945
2947
2950
2951
2951
2953
2953
2953
2954
2957
2958
2959
2959
2960
2961
2964
2966
2967
2968
2968
2968
2970
2971
2971
2972
2973
2974
2975
2979
2979
2980
2980
2980
2983
2983
2984
2985
2991
2991
2993
2993
2994
2994
2998
2998
3000
3001
3004
3006
3007
3008
3008
3008
3011
3011
3012
3012
3014
3017
3019
3020
3023
3024
3027
3028
3029
3030
3030
3031
3033
3034
3036
3037
3038
3042
3043
3044
3044
3045
3045
3046
3047
3049
3050
3050
3051
3052
3052
3054
3054
3055
3056
3056
3057
3057
3057
3059
3060
3062
3063
3063
3064
3064
3065
3066
3067
3067
3068
3068
3069
3069
3070
3070
3070
3070
3071
3072
3074
3074
3076
3077
3078
3079
3079
3080
3082
3084
3087
3087
3089
3091
3092
3093
3093
3094
3096
3096
3097
3097
3097
3098
3100
3101
3105
3107
3108
3108
3110
3112
3112
3113
3115
3116
3117
3119
3125
3125
3128
3129
3131
3132
3132
3132
3133
3134
3136
3136
3136
3137
3137
3138
3139
3140
3140
3143
3143
3144
3145
3145
3145
3146
3147
3148
3149
3150
3153
3154
3154
3157
3157
3157
3158
3158
3160
3162
3162
3162
3162
3164
3164
3165
3167
3168
3169
3170
3171
3171
3171
3172
3172
3172
3173
3174
3174
3175
3175
3176
3177
3179
3180
3183
3184
3188
3190
3191
3191
3192
3192
3193
3193
3195
3195
3196
3196
3197
3199
3199
3200
3201
3203
3203
3204
3204
3204
3205
3208
3208
3210
3210
3210
3212
3213
3216
3216
3217
3217
3218
3219
3220
3220
3220
3221
3222
3223
3224
3225
3228
3228
3229
3230
3230
3234
3234
3235
3236
3241
3241
3241
3242
3249
3250
3251
3252
3252
3253
3255
3255
3255
3256
3257
3258
3259
3260
3260
3261
3262
3263
3265
3265
3266
3266
3267
3267
3267
3269
3270
3273
3274
3275
3277
3279
3279
3279
3279
3280
3281
3281
3282
3285
3285
3285
3285
3285
3286
3286
3289
3290
3290
3291
3291
3292
3292
3293
3294
3294
3295
3296
3297
3301
3301
3303
3304
3305
3307
3307
3308
3308
3309
3309
3310
3313
3315
3315
3315
3316
3316
3316
3317
3317
3318
3319
3319
3320
3320
3321
3321
3324
3324
3326
3328
3328
3330
3330
3331
3331
3332
3333
3333
3334
3334
3335
3335
3337
3339
3341
3343
3344
3346
3346
3347
3347
3348
3348
3355
3357
3358
3359
3364
3364
3364
3364
3366
3367
3367
3369
3370
3370
3373
3373
3374
3375
3377
3378
3379
3380
3380
3380
3380
3381
3381
3384
3387
3388
3389
3389
3389
3389
3391
3392
3393
3393
3394
3397
3399
3399
3399
3399
3401
3402
3403
3404
3405
3406
3407
3409
3410
3411
3411
3412
3412
3412
3412
3414
3414
3416
3419
3421
3423
3423
3428
3428
3429
3431
3433
3434
3434
3434
3435
3437
3437
3437
3438
3438
3440
3441
3443
3443
3443
3445
3445
3446
3446
3448
3449
3450
3450
3451
3451
3453
3454
3462
3464
3464
3465
3465
3466
3467
3468
3468
3469
3469
3470
3471
3474
3478
3479
3479
3479
3479
3480
3481
3481
3482
3483
3484
3484
3485
3485
3487
3487
3488
3489
3491
3493
3493
3494
3495
3496
3497
3497
3498
3499
3499
3500
3500
3501
3502
3505
3506
3507
3507
3509
3512
3512
3512
3514
3517
3517
3519
3519
3520
3521
3523
3523
3524
3525
3525
3528
3529
3530
3530
3532
3532
3532
3532
3534
3534
3536
3536
3537
3538
3538
3539
3542
3544
3547
3549
3549
3551
3552
3552
3553
3553
3553
3554
3554
3555
3555
3555
3556
3557
3558
3559
3559
3560
3562
3562
3565
3565
3566
3566
3566
3569
3570
3571
3573
3573
3575
3575
3576
3576
3576
3579
3580
3581
3583
3583
3585
3585
3586
3586
3587
3588
3590
3590
3592
3592
3593
3593
3594
3594
3595
3596
3596
3597
3598
3600
3601
3601
3601
3602
3603
3603
3605
3608
3611
3611
3611
3612
3613
3613
3614
3614
3617
3617
3618
3619
3622
3622
3622
3623
3624
3624
3626
3626
3626
3627
3629
3629
3629
3629
3631
3632
3633
3633
3636
3637
3638
3640
3642
3642
3643
3644
3644
3646
3646
3646
3647
3647
3648
3652
3652
3652
3653
3654
3654
3654
3655
3657
3658
3659
3662
3663
3665
3665
3665
3666
3668
3668
3669
3669
3670
3672
3672
3672
3676
3678
3680
3682
3682
3686
3686
3688
3689
3691
3691
3692
3692
3693
3693
3693
3694
3694
3695
3695
3696
3697
3699
3700
3703
3707
3708
3708
3711
3711
3713
3713
3713
3715
3716
3717
3718
3718
3719
3720
3722
3723
3724
3724
3727
3727
3730
3730
3730
3730
3730
3735
3735
3736
3737
3737
3737
3738
3738
3738
3740
3740
3740
3740
3741
3741
3742
3742
3743
3744
3745
3746
3746
3747
3748
3749
3749
3751
3752
3753
3755
3755
3756
3756
3761
3761
3764
3767
3768
3773
3775
3775
3775
3775
3775
3777
3777
3779
3781
3781
3781
3783
3784
3784
3784
3785
3786
3788
3790
3792
3793
3795
3797
3799
3801
3801
3805
3806
3806
3806
3808
3808
3809
3810
3810
3811
3813
3815
3816
3816
3817
3818
3818
3818
3820
3823
3826
3826
3828
3828
3829
3829
3830
3830
3831
3831
3831
3832
3833
3835
3835
3836
3838
3839
3841
3844
3844
3844
3844
3845
3846
3847
3849
3849
3851
3853
3854
3854
3856
3857
3859
3859
3860
3861
3861
3861
3864
3865
3868
3868
3871
3871
3874
3875
3875
3875
3875
3878
3880
3881
3882
3883
3884
3884
3885
3888
3888
3888
3890
3890
3891
3893
3893
3894
3894
3896
3899
3899
3903
3907
3907
3908
3908
3909
3910
3910
3910
3911
3912
3915
3918
3920
3921
3921
3922
3923
3923
3923
3924
3925
3925
3926
3927
3928
3931
3933
3933
3937
3937
3937
3937
3940
3942
3943
3943
3943
3944
3947
3947
3949
3951
3952
3954
3955
3957
3959
3960
3962
3964
3964
3965
3966
3966
3966
3967
3967
3968
3968
3970
3970
3972
3972
3972
3974
3978
3978
3978
3979
3980
3984
3985
3985
3988
3989
3990
3994
3995
3996
3997
3999
4000
4001
4001
4002
4002
4002
4004
4007
4008
4009
4010
4013
4014
4014
4014
4015
4017
4018
4018
4019
4020
4021
4021
4021
4022
4024
4024
4027
4027
4030
4030
4031
4031
4032
4033
4034
4034
4034
4035
4035
4036
4036
4036
4037
4037
4038
4039
4039
4042
4044
4045
4046
4048
4050
4051
4051
4051
4052
4054
4054
4055
4055
4056
4056
4058
4058
4058
4058
4059
4062
4062
4065
4065
4066
4067
4068
4069
4070
4074
4075
4075
4077
4079
4079
4079
4083
4085
4086
4086
4087
4090
4092
4093
4095
4095
4095
4101
4105
4105
4106
4106
4107
4107
4107
4109
4110
4110
4111
4114
4116
4118
4119
4119
4121
4125
4126
4126
4126
4128
4128
4129
4132
4132
4132
4133
4136
4136
4138
4139
4140
4141
4141
4142
4143
4144
4144
4144
4144
4145
4146
4150
4150
4151
4160
4162
4162
4163
4164
4165
4165
4166
4167
4169
4170
4171
4171
4173
4175
4176
4178
4178
4179
4180
4180
4181
4181
4182
4184
4185
4185
4186
4187
4187
4188
4188
4189
4196
4196
4196
4200
4200
4201
4203
4205
4205
4205
4207
4208
4209
4212
4215
4216
4217
4218
4218
4218
4219
4221
4221
4224
4225
4225
4225
4227
4227
4228
4230
4231
4232
4233
4233
4234
4234
4234
4235
4236
4236
4237
4238
4241
4241
4242
4243
4244
4245
4246
4247
4248
4248
4252
4253
4253
4253
4254
4258
4260
4260
4262
4263
4265
4265
4266
4267
4268
4270
4272
4274
4276
4277
4277
4278
4278
4278
4280
4281
4281
4283
4283
4283
4283
4286
4289
4290
4291
4293
4295
4296
4296
4298
4299
4299
4299
4301
4302
4302
4304
4305
4307
4307
4308
4309
4311
4312
4314
4314
4316
4316
4316
4319
4320
4320
4320
4323
4324
4324
4325
4326
4326
4328
4328
4330
4336
4337
4338
4341
4343
4343
4343
4344
4345
4346
4346
4347
4348
4348
4349
4350
4352
4355
4355
4355
4356
4356
4357
4358
4359
4360
4360
4361
4364
4366
4368
4370
4370
4374
4376
4376
4377
4378
4378
4378
4379
4379
4379
4380
4382
4382
4383
4384
4384
4386
4386
4387
4388
4389
4389
4390
4392
4393
4393
4393
4394
4395
4395
4398
4399
4401
4402
4402
4403
4404
4406
4407
4408
4408
4409
4410
4410
4411
4412
4413
4414
4420
4420
4421
4424
4424
4425
4425
4425
4426
4426
4430
4430
4431
4432
4434
4435
4438
4439
4440
4441
4441
4441
4443
4445
4446
4448
4448
4449
4450
4451
4452
4454
4454
4455
4456
4456
4456
4457
4457
4458
4459
4460
4461
4461
4465
4465
4465
4466
4466
4467
4467
4467
4467
4468
4471
4471
4472
4474
4477
4478
4482
4482
4484
4486
4487
4490
4492
4493
4493
4494
4496
4501
4502
4502
4503
4508
4511
4513
4514
4516
4518
4519
4522
4522
4522
4522
4523
4523
4523
4523
4523
4523
4523
4523
4525
4525
4525
4526
4527
4527
4527
4528
4529
4530
4531
4531
4533
4533
4534
4535
4536
4537
4538
4538
4539
4539
4542
4542
4543
4544
4546
4547
4547
4548
4549
4549
4549
4549
4550
4553
4553
4554
4554
4556
4559
4559
4561
4561
4563
4563
4566
4570
4571
4571
4572
4572
4573
4573
4574
4574
4575
4575
4576
4578
4579
4580
4581
4582
4582
4582
4582
4584
4584
4585
4586
4586
4588
4588
4588
4589
4590
4590
4590
4592
4593
4594
4594
4595
4597
4598
4598
4599
4600
4600
4600
4605
4605
4605
4607
4607
4608
4608
4609
4609
4609
4610
4612
4612
4612
4613
4614
4616
4616
4617
4618
4620
4623
4625
4628
4629
4630
4633
4634
4634
4636
4637
4639
4639
4639
4642
4644
4646
4647
4647
4650
4650
4652
4652
4652
4653
4656
4656
4657
4657
4658
4659
4661
4661
4665
4666
4666
4667
4667
4671
4674
4674
4675
4678
4678
4678
4678
4679
4680
4680
4680
4680
4681
4682
4684
4685
4686
4686
4686
4687
4688
4689
4689
4690
4690
4690
4691
4693
4693
4693
4694
4695
4695
4698
4698
4701
4703
4703
4703
4704
4705
4705
4706
4707
4707
4711
4712
4712
4714
4714
4715
4715
4716
4717
4717
4718
4718
4719
4720
4721
4722
4723
4724
4725
4726
4726
4727
4731
4732
4733
4735
4738
4738
4740
4740
4742
4742
4744
4746
4751
4752
4753
4754
4755
4755
4756
4758
4759
4760
4762
4763
4763
4765
4765
4768
4768
4769
4770
4770
4770
4771
4772
4773
4774
4778
4780
4780
4780
4782
4782
4782
4783
4783
4785
4785
4786
4786
4787
4789
4790
4791
4793
4793
4793
4794
4794
4795
4795
4797
4798
4798
4798
4798
4798
4801
4801
4802
4802
4804
4806
4807
4808
4808
4811
4814
4815
4816
4818
4822
4824
4827
4828
4829
4831
4831
4832
4832
4833
4839
4840
4843
4844
4844
4847
4849
4850
4851
4852
4852
4853
4853
4853
4854
4855
4856
4858
4860
4860
4860
4860
4862
4864
4865
4867
4869
4869
4870
4870
4870
4870
4871
4872
4872
4872
4873
4873
4874
4876
4877
4877
4877
4878
4879
4880
4881
4882
4883
4884
4886
4887
4887
4887
4888
4891
4893
4894
4895
4896
4897
4898
4898
4898
4898
4898
4898
4901
4902
4903
4906
4907
4912
4913
4914
4918
4919
4919
4920
4920
4921
4921
4922
4922
4923
4925
4926
4929
4929
4931
4932
4934
4934
4940
4942
4943
4943
4945
4946
4946
4948
4949
4950
4951
4951
4951
4953
4955
4956
4958
4960
4961
4961
4962
4965
4967
4969
4969
4969
4972
4974
4975
4977
4978
4979
4980
4982
4982
4982
4982
4983
4984
4987
4991
4992
4994
4997
4997
4998
5000
5004
5004
5009
5010
5010
5011
5012
5020
5021
5024
5024
5025
5025
5027
5029
5030
5031
5031
5033
5033
5033
5034
5035
5035
5035
5037
5039
5039
5040
5041
5043
5049
5049
5051
5053
5055
5057
5058
5058
5060
5061
5061
5063
5064
5065
5066
5067
5069
5070
5070
5070
5070
5071
5071
5072
5073
5073
5073
5074
5075
5075
5075
5076
5077
5078
5078
5078
5080
5080
5081
5082
5085
5085
5086
5087
5091
5091
5097
5097
5097
5098
5104
5104
5105
5105
5106
5106
5106
5109
5110
5112
5113
5113
5114
5115
5115
5115
5117
5118
5119
5120
5120
5125
5125
5126
5127
5128
5129
5131
5135
5136
5136
5137
5137
5138
5138
5139
5140
5140
5141
5141
5146
5147
5148
5149
5151
5152
5152
5153
5153
5154
5155
5156
5158
5159
5160
5160
5160
5163
5165
5167
5169
5169
5171
5173
5178
5180
5180
5180
5182
5183
5184
5185
5186
5187
5188
5193
5193
5194
5196
5197
5198
5199
5200
5200
5203
5203
5205
5207
5207
5209
5210
5210
5212
5215
5217
5220
5220
5221
5225
5226
5227
5227
5228
5229
5229
5230
5232
5233
5234
5235
5236
5236
5237
5237
5238
5239
5239
5240
5243
5243
5247
5247
5247
5250
5252
5253
5253
5254
5255
5255
5258
5259
5260
5260
5261
5261
5262
5263
5263
5265
5266
5267
5269
5270
5271
5271
5271
5272
5272
5273
5277
5277
5278
5278
5280
5280
5280
5281
5282
5283
5284
5286
5286
5287
5288
5288
5289
5290
5291
5292
5293
5295
5295
5296
5296
5296
5297
5298
5299
5299
5300
5301
5302
5302
5302
5302
5304
5305
5307
5307
5308
5309
5309
5309
5309
5310
5317
5318
5319
5321
5321
5323
5323
5324
5324
5325
5328
5330
5330
5335
5335
5336
5340
5342
5342
5343
5343
5343
5343
5344
5345
5346
5347
5348
5350
5351
5351
5352
5352
5354
5354
5355
5355
5355
5356
5356
5357
5357
5359
5361
5362
5363
5364
5364
5364
5365
5367
5371
5371
5372
5375
5377
5378
5378
5379
5381
5387
5388
5388
5390
5390
5391
5393
5399
5400
5401
5404
5405
5406
5406
5407
5410
5410
5411
5411
5413
5413
5413
5415
5416
5418
5418
5420
5421
5422
5424
5426
5427
5428
5430
5433
5433
5434
5434
5434
5435
5436
5436
5441
5442
5450
5451
5452
5452
5453
5454
5454
5454
5455
5455
5456
5457
5457
5458
5458
5459
5461
5462
5462
5462
5462
5463
5463
5464
5464
5465
5468
5471
5472
5472
5473
5475
5475
5476
5481
5482
5482
5484
5485
5485
5485
5486
5487
5488
5489
5491
5494
5494
5502
5503
5504
5504
5505
5506
5506
5506
5508
5510
5511
5511
5511
5513
5515
5516
5516
5516
5518
5519
5521
5522
5529
5529
5535
5535
5537
5537
5538
5541
5542
5543
5543
5544
5547
5550
5552
5553
5554
5559
5562
5562
5562
5563
5568
5570
5571
5571
5577
5577
5577
5577
5578
5578
5580
5582
5582
5583
5586
5587
5590
5590
5590
5591
5591
5592
5592
5596
5597
5598
5599
5601
5601
5601
5602
5604
5604
5605
5605
5606
5607
5607
5610
5612
5613
5615
5615
5618
5618
5619
5621
5626
5626
5628
5628
5628
5631
5632
5634
5636
5637
5640
5640
5641
5641
5641
5642
5642
5645
5648
5649
5649
5650
5653
5653
5654
5655
5655
5656
5657
5657
5657
5660
5660
5661
5661
5662
5664
5664
5666
5666
5666
5669
5670
5671
5672
5674
5674
5675
5675
5676
5676
5678
5679
5682
5683
5684
5685
5685
5686
5687
5688
5688
5688
5689
5689
5689
5690
5691
5693
5693
5693
5696
5697
5698
5698
5700
5702
5702
5703
5704
5704
5705
5706
5712
5714
5716
5717
5718
5719
5719
5719
5722
5722
5723
5723
5724
5726
5726
5727
5727
5728
5729
5729
5730
5733
5733
5734
5734
5735
5736
5738
5744
5746
5748
5750
5752
5754
5755
5756
5756
5758
5759
5759
5760
5761
5764
5765
5766
5767
5767
5768
5770
5770
5771
5773
5773
5774
5774
5774
5775
5778
5778
5781
5781
5784
5786
5787
5790
5790
5791
5791
5791
5793
5794
5797
5798
5798
5800
5801
5802
5802
5803
5806
5808
5809
5810
5811
5811
5812
5814
5814
5814
5814
5816
5817
5818
5819
5820
5823
5824
5825
5825
5826
5827
5828
5830
5830
5830
5830
5830
5832
5833
5834
5836
5836
5837
5837
5838
5838
5840
5843
5843
5843
5845
5847
5848
5849
5849
5850
5850
5853
5854
5854
5856
5858
5859
5859
5861
5861
5862
5863
5864
5864
5865
5866
5866
5866
5867
5868
5869
5871
5871
5872
5874
5875
5876
5879
5882
5886
5891
5891
5892
5892
5893
5894
5895
5895
5895
5895
5896
5896
5898
5898
5898
5899
5901
5902
5902
5903
5905
5905
5907
5914
5914
5915
5917
5918
5919
5921
5921
5921
5926
5929
5929
5930
5931
5931
5934
5936
5938
5939
5941
5943
5943
5944
5946
5949
5949
5950
5951
5952
5952
5953
5953
5954
5954
5956
5957
5957
5958
5958
5959
5960
5961
5962
5962
5962
5964
5964
5965
5965
5966
5966
5967
5967
5967
5968
5969
5970
5970
5971
5972
5973
5975
5976
5976
5978
5980
5981
5982
5982
5987
5988
5992
5992
5993
5997
5998
5998
6001
6001
6001
6002
6003
6004
6004
6005
6006
6007
6008
6009
6009
6010
6010
6012
6012
6013
6015
6018
6020
6022
6022
6023
6023
6023
6023
6024
6025
6026
6028
6028
6029
6030
6030
6032
6034
6035
6035
6035
6036
6036
6039
6041
6043
6044
6046
6046
6046
6047
6047
6049
6049
6049
6050
6053
6056
6056
6056
6057
6060
6061
6062
6062
6063
6064
6065
6065
6067
6068
6068
6068
6069
6069
6073
6073
6073
6076
6078
6078
6079
6079
6079
6081
6081
6081
6082
6083
6084
6087
6090
6091
6093
6093
6093
6095
6095
6095
6096
6096
6098
6102
6103
6108
6109
6109
6111
6112
6114
6116
6116
6117
6118
6120
6121
6121
6124
6127
6129
6129
6129
6129
6130
6130
6130
6130
6131
6132
6135
6136
6138
6139
6140
6140
6145
6145
6146
6149
6149
6151
6154
6158
6158
6158
6160
6163
6164
6164
6164
6164
6165
6166
6167
6168
6169
6174
6177
6180
6180
6181
6181
6182
6184
6185
6185
6189
6191
6194
6196
6196
6198
6203
6203
6204
6204
6205
6205
6205
6206
6207
6209
6211
6212
6213
6213
6215
6216
6216
6218
6219
6220
6220
6221
6223
6223
6226
6227
6229
6229
6229
6231
6231
6231
6234
6234
6236
6237
6238
6240
6240
6240
6241
6242
6242
6243
6244
6246
6247
6247
6247
6249
6250
6250
6250
6251
6252
6254
6254
6255
6255
6256
6259
6259
6260
6260
6261
6262
6263
6264
6274
6275
6276
6278
6279
6279
6283
6283
6285
6286
6288
6288
6288
6289
6290
6293
6294
6296
6301
6302
6304
6306
6307
6308
6308
6311
6313
6313
6314
6316
6316
6317
6318
6318
6319
6319
6322
6322
6324
6325
6327
6329
6332
6332
6335
6338
6342
6342
6343
6343
6343
6344
6345
6347
6347
6347
6348
6349
6350
6351
6352
6354
6354
6354
6354
6355
6356
6356
6357
6358
6361
6362
6364
6365
6367
6369
6374
6374
6375
6375
6375
6376
6377
6379
6379
6380
6381
6382
6383
6383
6384
6384
6385
6390
6393
6393
6394
6396
6397
6401
6401
6402
6402
6404
6404
6404
6404
6406
6407
6407
6409
6409
6410
6411
6411
6411
6412
6412
6415
6415
6415
6418
6418
6421
6422
6422
6423
6424
6427
6427
6428
6428
6428
6428
6429
6429
6429
6429
6431
6432
6432
6432
6434
6434
6435
6435
6436
6439
6439
6445
6445
6446
6447
6449
6452
6453
6453
6454
6455
6455
6455
6458
6458
6459
6460
6461
6462
6462
6463
6464
6464
6464
6465
6465
6467
6469
6469
6470
6471
6471
6475
6476
6476
6476
6483
6484
6485
6486
6487
6487
6487
6490
6493
6497
6497
6497
6499
6499
6503
6503
6505
6506
6506
6506
6508
6508
6509
6510
6510
6513
6513
6514
6516
6518
6518
6518
6519
6519
6520
6521
6522
6523
6523
6524
6524
6524
6526
6527
6531
6531
6532
6533
6533
6533
6534
6536
6538
6539
6541
6541
6541
6542
6543
6544
6545
6546
6546
6546
6548
6548
6548
6549
6550
6551
6552
6554
6554
6555
6556
6557
6557
6558
6559
6559
6559
6560
6562
6564
6566
6566
6568
6571
6571
6575
6575
6577
6578
6579
6581
6582
6583
6583
6588
6588
6588
6589
6590
6591
6592
6594
6594
6597
6599
6601
6602
6602
6603
6603
6604
6604
6605
6606
6606
6610
6611
6613
6613
6613
6614
6615
6616
6617
6618
6618
6621
6621
6623
6623
6625
6626
6629
6632
6634
6634
6638
6638
6638
6640
6641
6641
6641
6643
6645
6645
6645
6645
6648
6650
6651
6652
6652
6652
6654
6655
6656
6657
6658
6658
6658
6660
6660
6661
6661
6662
6662
6665
6666
6667
6668
6668
6669
6669
6670
6670
6671
6672
6673
6674
6675
6676
6678
6679
6680
6683
6683
6684
6686
6686
6686
6687
6687
6687
6688
6689
6690
6690
6692
6693
6696
6702
6703
6703
6704
6705
6705
6706
6708
6711
6712
6714
6716
6716
6719
6720
6721
6723
6725
6727
6727
6728
6731
6731
6732
6733
6734
6734
6734
6736
6736
6736
6737
6741
6742
6745
6745
6745
6746
6746
6747
6747
6747
6748
6748
6749
6750
6750
6754
6755
6755
6756
6757
6757
6757
6758
6760
6762
6763
6763
6764
6766
6766
6766
6767
6768
6768
6769
6770
6770
6772
6774
6775
6776
6776
6777
6778
6780
6782
6782
6782
6783
6784
6784
6784
6785
6785
6787
6787
6788
6789
6789
6789
6790
6792
6793
6793
6794
6794
6794
6797
6798
6798
6799
6799
6802
6802
6803
6803
6803
6805
6805
6807
6807
6808
6808
6810
6810
6810
6812
6814
6815
6818
6821
6821
6822
6824
6828
6828
6828
6829
6830
6832
6833
6834
6834
6836
6836
6837
6840
6840
6842
6843
6844
6844
6847
6849
6850
6851
6853
6854
6854
6855
6855
6856
6857
6859
6859
6862
6863
6863
6864
6864
6864
6865
6867
6868
6868
6869
6869
6872
6873
6873
6876
6877
6877
6878
6880
6880
6880
6880
6884
6887
6887
6887
6888
6889
6891
6894
6895
6895
6896
6896
6898
6899
6899
6900
6900
6903
6904
6904
6906
6906
6907
6908
6909
6910
6911
6913
6914
6916
6916
6918
6918
6919
6919
6922
6925
6926
6927
6928
6929
6930
6934
6934
6936
6936
6937
6937
6937
6938
6938
6939
6940
6941
6941
6943
6947
6948
6949
6950
6950
6951
6951
6951
6952
6954
6954
6956
6959
6960
6962
6963
6964
6964
6966
6970
6970
6972
6974
6974
6975
6975
6975
6975
6976
6976
6976
6979
6980
6981
6982
6982
6982
6983
6984
6987
6989
6989
6990
6992
6992
6994
6995
6997
6997
7001
7002
7002
7002
7005
7006
7007
7008
7009
7012
7014
7014
7017
7019
7020
7021
7021
7021
7021
7022
7022
7023
7024
7025
7026
7026
7027
7027
7028
7028
7029
7030
7030
7033
7034
7035
7037
7038
7038
7039
7040
7041
7042
7043
7044
7044
7047
7049
7049
7050
7051
7052
7053
7053
7053
7054
7056
7057
7059
7060
7060
7061
7061
7063
7063
7066
7068
7068
7068
7069
7070
7071
7072
7072
7072
7073
7074
7075
7076
7076
7076
7076
7076
7079
7080
7080
7080
7080
7081
7081
7082
7082
7082
7083
7084
7084
7084
7085
7086
7087
7087
7088
7088
7089
7089
7092
7092
7095
7096
7097
7098
7098
7098
7099
7101
7103
7103
7105
7105
7106
7106
7109
7109
7112
7112
7114
7116
7119
7119
7120
7120
7121
7122
7125
7127
7130
7130
7131
7131
7131
7131
7132
7132
7133
7133
7135
7135
7135
7136
7137
7139
7140
7143
7143
7144
7144
7146
7146
7147
7150
7150
7151
7151
7151
7153
7153
7155
7156
7157
7158
7158
7159
7160
7161
7164
7166
7166
7166
7172
7172
7173
7173
7174
7175
7175
7175
7177
7178
7178
7181
7181
7182
7183
7183
7184
7185
7185
7186
7186
7186
7186
7186
7189
7190
7190
7191
7192
7196
7196
7196
7196
7197
7199
7200
7202
7202
7205
7206
7208
7210
7211
7212
7212
7214
7216
7217
7217
7218
7218
7219
7220
7221
7222
7224
7227
7228
7229
7231
7232
7234
7235
7235
7235
7235
7236
7237
7241
7242
7244
7245
7245
7246
7248
7249
7252
7254
7254
7255
7257
7258
7258
7262
7265
7265
7266
7267
7269
7269
7270
7271
7271
7274
7275
7277
7277
7277
7278
7278
7278
7281
7281
7281
7282
7282
7283
7285
7286
7287
7289
7289
7294
7295
7297
7297
7297
7297
7297
7299
7299
7300
7300
7302
7303
7305
7305
7306
7311
7311
7312
7313
7314
7317
7318
7320
7321
7324
7326
7326
7330
7330
7336
7338
7338
7339
7339
7340
7341
7342
7342
7343
7349
7351
7352
7352
7353
7355
7356
7357
7357
7359
7361
7362
7363
7366
7366
7368
7368
7368
7370
7370
7371
7371
7372
7372
7374
7376
7376
7377
7379
7380
7384
7385
7386
7387
7388
7388
7390
7391
7391
7391
7394
7394
7394
7395
7398
7398
7400
7401
7401
7402
7404
7404
7404
7404
7405
7405
7406
7406
7407
7408
7409
7410
7411
7411
7412
7413
7416
7418
7420
7421
7421
7422
7422
7422
7422
7424
7424
7425
7427
7427
7431
7432
7432
7433
7435
7437
7439
7440
7442
7442
7442
7443
7443
7444
7446
7451
7452
7456
7459
7460
7462
7464
7465
7466
7468
7471
7471
7472
7472
7472
7473
7475
7476
7479
7480
7481
7482
7482
7485
7485
7485
7486
7487
7490
7490
7491
7492
7493
7493
7494
7494
7494
7494
7495
7495
7496
7496
7496
7499
7500
7500
7500
7500
7505
7506
7506
7507
7509
7510
7510
7510
7511
7512
7512
7512
7514
7514
7514
7515
7517
7520
7522
7522
7522
7524
7528
7529
7530
7530
7532
7532
7533
7533
7538
7540
7541
7544
7545
7546
7547
7547
7548
7550
7554
7554
7554
7554
7556
7559
7559
7560
7562
7564
7565
7565
7566
7567
7570
7571
7571
7575
7575
7576
7576
7576
7577
7577
7578
7579
7582
7586
7587
7587
7589
7589
7592
7592
7593
7593
7595
7595
7596
7596
7597
7598
7598
7599
7602
7602
7603
7603
7604
7605
7607
7609
7610
7614
7614
7615
7616
7616
7617
7619
7620
7626
7626
7627
7629
7630
7630
7633
7634
7635
7635
7637
7640
7640
7640
7641
7642
7642
7643
7643
7645
7646
7646
7651
7651
7652
7653
7653
7653
7653
7654
7654
7655
7655
7658
7660
7660
7661
7662
7662
7664
7664
7666
7667
7668
7669
7670
7670
7672
7673
7675
7675
7675
7676
7677
7678
7682
7682
7683
7683
7684
7685
7685
7688
7689
7690
7690
7690
7690
7691
7693
7693
7693
7694
7694
7694
7695
7696
7698
7699
7700
7703
7703
7706
7706
7706
7706
7707
7707
7708
7709
7711
7712
7712
7713
7714
7715
7718
7719
7720
7723
7724
7725
7726
7726
7727
7728
7729
7731
7731
7733
7735
7738
7738
7738
7740
7740
7743
7744
7747
7747
7748
7752
7753
7754
7754
7759
7760
7761
7761
7762
7764
7766
7767
7767
7767
7768
7768
7772
7772
7772
7773
7774
7775
7779
7779
7782
7784
7786
7788
7789
7790
7790
7790
7794
7795
7806
7807
7809
7812
7813
7813
7813
7814
7815
7818
7819
7819
7820
7821
7822
7825
7826
7827
7827
7827
7830
7831
7833
7834
7834
7835
7835
7836
7836
7837
7837
7838
7839
7840
7840
7841
7842
7842
7842
7843
7844
7845
7846
7848
7848
7849
7849
7851
7853
7854
7855
7855
7859
7859
7860
7860
7860
7862
7862
7863
7865
7866
7866
7867
7869
7871
7871
7872
7872
7875
7875
7877
7878
7881
7884
7884
7885
7886
7887
7887
7887
7888
7888
7889
7890
7890
7892
7892
7892
7894
7894
7897
7897
7897
7898
7898
7900
7901
7903
7904
7904
7904
7905
7907
7908
7908
7911
7913
7914
7916
7918
7918
7918
7919
7920
7921
7921
7923
7923
7923
7924
7925
7925
7926
7926
7926
7928
7929
7929
7930
7931
7933
7933
7933
7935
7935
7935
7939
7940
7943
7944
7944
7944
7946
7948
7948
7948
7949
7950
7954
7955
7955
7956
7957
7958
7959
7959
7959
7961
7962
7964
7964
7970
7970
7971
7971
7972
7972
7972
7973
7976
7976
7976
7977
7984
7989
7990
7991
7991
7992
7993
7994
7994
7994
7995
7996
7996
7999
8000
8000
8001
8004
8004
8005
8007
8008
8009
8012
8013
8013
8013
8013
8014
8016
8016
8018
8019
8020
8023
8026
8028
8029
8030
8032
8035
8038
8040
8041
8042
8042
8043
8043
8043
8043
8044
8045
8047
8047
8047
8048
8049
8049
8051
8053
8054
8054
8054
8055
8057
8057
8058
8059
8060
8061
8063
8063
8064
8064
8065
8065
8067
8077
8077
8079
8080
8081
8083
8086
8087
8088
8088
8089
8091
8092
8092
8093
8094
8095
8095
8096
8096
8097
8097
8098
8099
8099
8102
8103
8104
8105
8105
8107
8108
8109
8110
8110
8110
8113
8113
8113
8114
8115
8117
8121
8121
8121
8122
8125
8126
8127
8127
8131
8131
8131
8131
8134
8135
8135
8137
8138
8139
8139
8144
8145
8146
8146
8147
8148
8148
8150
8155
8156
8156
8159
8159
8159
8161
8161
8162
8164
8164
8164
8165
8165
8167
8168
8169
8171
8171
8171
8172
8173
8173
8175
8176
8179
8180
8181
8181
8181
8181
8182
8182
8183
8184
8185
8187
8188
8191
8195
8196
8197
8198
8200
8203
8203
8206
8207
8208
8210
8212
8213
8213
8214
8214
8216
8218
8218
8219
8220
8221
8223
8224
8225
8225
8227
8227
8227
8228
8229
8230
8231
8233
8233
8234
8234
8234
8234
8235
8236
8237
8238
8239
8240
8241
8243
8245
8246
8246
8247
8248
8248
8248
8249
8249
8250
8251
8253
8254
8255
8257
8258
8259
8260
8261
8261
8262
8262
8262
8263
8265
8265
8265
8268
8269
8269
8274
8275
8276
8281
8281
8282
8284
8284
8284
8284
8285
8285
8285
8288
8288
8290
8295
8295
8295
8295
8296
8296
8297
8299
8300
8300
8302
8302
8303
8303
8303
8303
8305
8305
8305
8305
8306
8308
8309
8312
8313
8313
8314
8314
8315
8316
8319
8319
8321
8321
8323
8323
8324
8330
8330
8331
8333
8335
8338
8340
8344
8346
8347
8349
8349
8349
8349
8350
8352
8353
8354
8354
8355
8356
8358
8358
8363
8363
8364
8366
8366
8372
8372
8373
8374
8376
8376
8377
8378
8378
8379
8380
8381
8381
8381
8381
8385
8385
8387
8387
8389
8390
8390
8391
8391
8393
8393
8400
8402
8402
8404
8404
8404
8405
8406
8407
8407
8408
8408
8409
8411
8412
8412
8413
8414
8415
8416
8416
8418
8420
8421
8423
8423
8424
8425
8426
8426
8427
8431
8431
8434
8437
8438
8439
8442
8443
8447
8448
8448
8451
8452
8455
8455
8456
8460
8461
8462
8463
8465
8465
8466
8467
8467
8467
8472
8474
8475
8475
8475
8476
8478
8478
8479
8480
8482
8483
8485
8485
8486
8489
8489
8491
8491
8494
8495
8498
8498
8498
8499
8500
8501
8503
8503
8504
8504
8508
8509
8510
8512
8512
8513
8513
8514
8516
8516
8516
8519
8520
8520
8523
8524
8524
8525
8526
8526
8526
8528
8528
8528
8529
8531
8533
8533
8533
8533
8534
8535
8538
8541
8542
8542
8544
8544
8545
8546
8548
8549
8550
8551
8551
8551
8552
8553
8555
8556
8557
8558
8558
8558
8560
8560
8560
8562
8562
8566
8567
8568
8569
8569
8573
8574
8574
8575
8576
8577
8580
8580
8580
8581
8581
8582
8582
8582
8583
8585
8585
8587
8589
8589
8592
8592
8592
8594
8595
8595
8598
8599
8600
8600
8603
8603
8606
8608
8608
8608
8609
8610
8610
8611
8611
8611
8612
8613
8614
8614
8615
8616
8616
8617
8618
8619
8619
8619
8619
8620
8620
8622
8623
8623
8623
8623
8624
8625
8625
8627
8631
8632
8632
8639
8639
8640
8641
8642
8642
8642
8645
8645
8645
8646
8646
8648
8648
8650
8651
8651
8652
8652
8653
8653
8654
8655
8657
8657
8658
8659
8659
8660
8661
8663
8664
8665
8665
8670
8672
8675
8677
8679
8679
8681
8682
8682
8682
8682
8683
8683
8684
8685
8686
8686
8692
8692
8693
8695
8696
8697
8697
8698
8698
8698
8699
8701
8701
8702
8703
8704
8704
8706
8708
8709
8709
8710
8713
8713
8714
8715
8716
8718
8721
8725
8727
8728
8728
8729
8729
8730
8731
8732
8732
8733
8734
8734
8734
8735
8736
8736
8736
8738
8738
8738
8738
8739
8742
8742
8744
8744
8746
8747
8747
8747
8748
8749
8749
8752
8754
8755
8756
8756
8759
8760
8761
8763
8763
8763
8764
8764
8765
8765
8767
8767
8768
8774
8776
8776
8782
8782
8783
8783
8784
8785
8785
8788
8789
8791
8792
8793
8796
8796
8798
8800
8801
8804
8805
8806
8811
8812
8812
8813
8815
8815
8816
8816
8816
8817
8820
8821
8821
8823
8824
8825
8826
8826
8826
8826
8827
8827
8828
8830
8831
8831
8832
8832
8833
8834
8836
8837
8837
8839
8840
8841
8843
8843
8844
8844
8844
8847
8847
8852
8853
8853
8855
8855
8855
8856
8858
8858
8858
8859
8860
8862
8862
8863
8864
8866
8866
8867
8868
8869
8871
8872
8873
8874
8874
8874
8878
8880
8880
8883
8884
8884
8885
8886
8888
8889
8890
8890
8891
8892
8894
8894
8894
8895
8895
8895
8896
8896
8896
8899
8899
8899
8901
8904
8910
8912
8913
8913
8915
8916
8920
8922
8922
8923
8925
8926
8929
8929
8931
8931
8932
8933
8933
8934
8935
8938
8938
8939
8939
8940
8940
8942
8943
8944
8944
8945
8945
8946
8947
8947
8948
8949
8949
8954
8954
8954
8955
8956
8956
8956
8958
8958
8959
8959
8960
8960
8963
8964
8966
8967
8968
8971
8971
8972
8973
8974
8974
8974
8974
8974
8975
8977
8978
8980
8984
8985
8985
8986
8987
8988
8988
8989
8990
8991
8992
8995
8995
8995
8996
8997
8998
8999
8999
9000
9000
9000
9004
9004
9004
9005
9005
9008
9008
9009
9009
9009
9009
9010
9010
9012
9013
9015
9015
9016
9018
9019
9019
9019
9020
9021
9023
9023
9024
9026
9027
9028
9030
9030
9030
9031
9032
9033
9034
9036
9039
9039
9040
9044
9045
9045
9045
9046
9046
9046
9047
9048
9049
9051
9053
9055
9056
9056
9056
9058
9059
9059
9060
9060
9060
9061
9062
9063
9064
9065
9066
9066
9066
9067
9067
9068
9068
9069
9069
9070
9070
9072
9077
9080
9081
9081
9082
9082
9083
9084
9085
9086
9089
9092
9094
9094
9096
9096
9097
9101
9102
9104
9104
9105
9105
9110
9110
9112
9113
9113
9113
9113
9113
9113
9114
9115
9115
9116
9117
9117
9117
9117
9118
9120
9121
9123
9128
9129
9130
9132
9135
9136
9136
9136
9137
9137
9138
9139
9140
9142
9142
9143
9144
9147
9147
9149
9151
9151
9151
9152
9153
9153
9154
9155
9156
9157
9158
9158
9161
9163
9164
9164
9164
9166
9166
9166
9168
9169
9172
9173
9173
9175
9179
9179
9180
9184
9185
9186
9187
9187
9188
9192
9192
9193
9194
9194
9196
9199
9200
9201
9201
9202
9203
9205
9205
9207
9207
9208
9208
9208
9208
9209
9211
9211
9211
9213
9213
9213
9215
9216
9217
9217
9218
9219
9219
9219
9219
9220
9220
9223
9226
9227
9227
9227
9229
9229
9230
9231
9232
9233
9236
9238
9239
9240
9242
9242
9244
9244
9245
9246
9247
9248
9248
9251
9251
9252
9253
9254
9254
9255
9255
9258
9259
9259
9260
9261
9262
9263
9263
9263
9267
9268
9273
9274
9274
9275
9276
9276
9277
9279
9279
9280
9281
9281
9282
9283
9284
9285
9285
9286
9287
9287
9288
9290
9290
9290
9292
9292
9292
9295
9295
9296
9296
9298
9298
9299
9299
9300
9303
9303
9304
9305
9305
9305
9306
9307
9308
9310
9312
9313
9313
9314
9316
9318
9319
9320
9322
9322
9323
9326
9327
9329
9329
9329
9329
9331
9332
9332
9334
9335
9335
9338
9341
9341
9342
9342
9342
9342
9343
9343
9344
9344
9344
9345
9346
9346
9350
9351
9352
9352
9353
9353
9354
9355
9355
9356
9356
9357
9358
9358
9359
9360
9362
9363
9364
9364
9366
9367
9367
9369
9370
9371
9374
9374
9375
9376
9378
9378
9381
9381
9382
9383
9384
9384
9384
9384
9384
9384
9387
9387
9387
9389
9389
9390
9390
9391
9392
9393
9394
9395
9395
9396
9396
9398
9398
9400
9401
9401
9404
9404
9405
9407
9407
9409
9409
9410
9413
9417
9418
9420
9421
9422
9424
9425
9426
9427
9427
9428
9429
9429
9429
9430
9430
9432
9432
9433
9434
9434
9435
9436
9437
9438
9442
9442
9445
9445
9450
9450
9453
9454
9454
9454
9455
9455
9456
9456
9457
9459
9461
9462
9466
9466
9466
9469
9469
9470
9471
9471
9471
9473
9473
9476
9477
9478
9481
9482
9483
9484
9485
9487
9488
9488
9490
9490
9493
9493
9494
9495
9496
9498
9498
9498
9498
9500
9501
9502
9503
9505
9505
9506
9506
9507
9508
9509
9512
9513
9515
9516
9518
9518
9518
9519
9522
9524
9526
9527
9527
9529
9532
9533
9533
9534
9534
9534
9536
9538
9539
9540
9541
9544
9545
9545
9545
9547
9548
9548
9548
9549
9554
9557
9558
9558
9563
9565
9565
9566
9567
9567
9570
9570
9570
9572
9572
9573
9573
9573
9574
9577
9579
9580
9581
9581
9582
9583
9584
9584
9584
9586
9586
9588
9589
9590
9593
9594
9595
9596
9596
9598
9599
9599
9599
9600
9603
9605
9607
9607
9610
9610
9610
9611
9614
9615
9616
9616
9616
9616
9619
9619
9620
9623
9623
9624
9624
9624
9624
9625
9630
9630
9631
9632
9635
9636
9637
9638
9638
9639
9640
9640
9641
9642
9643
9647
9647
9648
9649
9650
9650
9651
9653
9653
9654
9654
9655
9657
9657
9660
9664
9666
9667
9668
9669
9670
9671
9673
9674
9674
9676
9677
9678
9678
9678
9678
9678
9680
9682
9682
9682
9682
9683
9685
9687
9689
9690
9690
9691
9692
9692
9694
9695
9697
9697
9697
9697
9698
9699
9701
9702
9703
9704
9704
9704
9704
9704
9705
9707
9708
9708
9709
9710
9711
9711
9713
9714
9714
9715
9715
9716
9718
9718
9720
9720
9722
9723
9726
9727
9729
9729
9730
9730
9731
9733
9733
9735
9735
9738
9740
9741
9741
9741
9745
9749
9749
9750
9750
9752
9755
9755
9756
9756
9756
9758
9759
9762
9763
9763
9764
9764
9766
9770
9770
9770
9770
9771
9772
9774
9776
9778
9778
9778
9778
9781
9782
9784
9790
9791
9792
9792
9792
9794
9802
9802
9804
9804
9805
9807
9808
9809
9810
9811
9818
9819
9821
9821
9821
9822
9823
9824
9824
9825
9825
9827
9829
9832
9833
9835
9838
9838
9838
9839
9842
9842
9844
9845
9845
9845
9846
9847
9848
9849
9851
9851
9852
9852
9856
9857
9857
9858
9859
9862
9863
9864
9866
9867
9869
9870
9872
9872
9874
9874
9874
9874
9876
9876
9877
9877
9879
9880
9880
9882
9882
9883
9884
9886
9886
9889
9890
9892
9892
9893
9894
9894
9896
9896
9896
9901
9902
9903
9903
9903
9905
9906
9907
9909
9909
9909
9910
9911
9912
9912
9913
9914
9915
9916
9916
9918
9922
9922
9923
9924
9925
9925
9927
9928
9929
9929
9930
9932
9932
9933
9935
9935
9939
9941
9941
9943
9943
9944
9945
9947
9950
9950
9950
9951
9951
9953
9954
9955
9956
9956
9957
9958
9958
9959
9959
9959
9960
9960
9963
9965
9965
9965
9967
9968
9968
9968
9969
9970
9970
9973
9973
9974
9974
9974
9976
9981
9981
9984
9984
9985
9986
9987
9987
9987
9988
9989
9989
9990
9990
9993
9994
9996
9998
